1661
1661
1900
1900
1900
3577
3577
3570
3570
3570
3570
1973
1973
3497
3497
3497
3497
3497
3497
3497
3497
3500
3500
3499
3499
3492
3492
3489
3489
3487
3487
3482
3482
3448
3448
3448
3448
3398
3398
3398
3398
3396
3396
146
146
146
146
146
3356
3356
3356
3356
3356
3356
3356
3356
3364
3364
3236
3236
2467
2467
2467
2467
2467
2467
2467
2467
3161
3161
3145
3145
3145
3145
3145
3145
3145
3145
3145
3145
3145
3145
3145
3145
3145
3145
3145
3145
3145
3145
3145
3145
3145
3145
3145
3145
3145
3145
3145
3145
3145
3145
3145
3145
3145
3145
3145
3145
3145
3145
3145
3145
3145
3145
3145
3145
3145
3145
3145
3145
3145
3145
3145
3145
3145
3145
3145
3145
3145
3145
3145
3145
3145
3145
3145
3145
3145
3145
3145
3145
3145
3145
3145
3145
3145
3145
3145
3145
3145
3145
3145
3145
3145
3145
3145
3145
3145
3145
3145
3145
3145
3107
3107
3107
3107
3027
3027
3027
3027
3027
3027
3027
3027
3027
3027
3032
3032
3032
3032
3032
3032
3032
3032
3032
3032
3032
3032
2
2
2
2
3022
3022
3010
3010
3010
3010
2973
2973
2973
2973
2973
2973
2973
2973
2973
2973
2973
2924
2924
2924
2924
2924
2924
2942
2942
2942
2942
2942
2942
2942
2942
2942
2942
2942
2942
2942
2942
2942
2942
2942
2942
2942
2942
2942
2942
2942
2942
2942
2942
2942
2942
2942
2942
2942
2942
2942
2942
2942
2942
2942
2942
2942
2942
2942
2942
2942
2942
2942
2942
2942
2942
2942
2942
2942
2942
2942
2942
2942
2942
2942
2927
2927
2927
2927
2927
2927
2927
2927
2927
2927
2927
2927
2927
2927
2916
2916
2917
2917
2903
2903
2903
2903
2903
2903
2903
2903
2903
2903
2903
2903
2903
2903
2903
2903
2903
2903
2903
2903
2903
2903
2903
2903
2903
2903
2903
2903
2903
2903
2903
2903
2903
2903
2903
2903
2903
2903
2903
2903
2904
2894
2894
2895
2895
2883
2883
2883
2883
2883
2883
2883
2883
2875
2875
2875
2875
2875
2875
2875
2875
2875
2875
2875
2875
2875
2875
2875
2875
2875
2875
2875
2875
2875
2875
2875
2875
2875
2875
2875
2875
2875
2875
2875
2875
2875
2875
2875
2875
2875
2875
2875
2875
2875
2875
2875
2875
2875
2875
2875
2875
2875
2875
2875
2875
2875
2875
2875
2875
2875
2875
2875
2875
2875
2875
2875
2875
2875
2875
2875
2875
2875
2875
2875
2875
2875
2875
2875
2875
2875
2875
2875
2875
2875
2875
2875
2875
2875
2875
2875
2875
2875
2875
2875
2875
2875
2875
2875
2875
2875
2875
2875
2875
2875
2875
2875
2875
2875
2875
2875
2875
2875
2875
2875
2875
2875
2875
2875
2875
2875
2875
2875
2875
2875
2875
2875
2875
2875
2875
2875
2875
2875
2875
2875
2875
2875
2875
2875
2875
2875
2875
2875
2875
2875
2875
2875
2875
2875
2875
2875
2875
2875
2875
2875
2875
2875
2875
2875
2875
2875
2875
2875
2875
2875
2875
2875
2875
2875
2875
2875
2875
2875
2875
2875
2875
2875
2875
2875
2869
2869
2869
2869
2825
2825
2825
2825
2825
2755
2755
2731
2731
2751
2751
2751
2751
2649
2649
2594
2728
2728
2699
2699
2699
2699
2699
2699
2699
2699
2699
2699
2699
2699
2699
2699
2699
2699
2697
2697
2697
2687
2687
2687
2687
2635
2635
2635
2635
2635
2635
2635
2635
2635
2635
2635
2635
2635
2635
2635
2635
2630
2630
2630
2630
2630
2630
2630
2624
2621
2166
2618
2618
2618
2618
2618
2618
2618
2618
2618
2618
2618
2618
2618
2618
2618
2618
2618
2614
1190
1190
2610
2610
2610
2610
2605
2605
2605
2605
2605
2605
2605
2605
2605
2605
2605
2604
2582
2582
2580
2582
2582
2582
2582
2581
2581
2581
2581
2584
2545
2545
2545
2545
2545
2545
2545
2564
2545
2545
2545
2545
2545
2545
2545
1819
1819
1
1
1
1
1
1
2546
2541
1
1
1
1
2528
2511
2511
2511
2499
2500
2457
2457
2457
2437
2437
2437
2437
2101
2101
2213
2214
2215
2216
2216
2216
2216
2216
2216
2216
2216
2216
2211
2178
1596
1596
1596
2153
1437
1437
2158
1342
1342
1342
1963
1963
1963
1963
1943
1948
1892
1885
1874
1869
1869
1869
1869
1492
1492
1276
1
66
