5420
5429
5429
5460
5457
5443
5443
5431
5427
5423
5415
5369
5369
5369
5369
5369
5369
5369
5369
5375
5347
5305
5334
5339
5325
5332
5300
5300
5300
5300
5300
5300
5300
5297
5207
5289
5289
5289
5217
5217
5217
5217
5283
5268
5268
5276
5088
5270
5267
5251
5251
5263
5263
5260
5212
5212
5212
5212
5212
5212
5212
5212
5212
5212
5212
5212
5212
5212
5212
3905
4682
5141
5226
5224
5224
5224
5227
5227
5228
5228
5215
5216
5189
5189
5189
5189
5189
5189
5189
5189
5189
5189
5189
5189
5189
5189
5189
5189
5189
5189
5189
5189
5189
5189
5189
5113
5134
5121
5121
5121
5121
5121
5121
5121
5121
5121
5121
5121
5121
5121
5121
5121
5121
5121
5121
5119
5109
5109
5109
5109
5109
5109
5102
5102
5102
5102
5102
5102
5102
5102
5102
5102
5102
5097
5097
5097
5092
5083
5086
5080
5080
5080
5080
5080
5080
5080
5080
5078
5078
5078
5078
5078
5078
5078
5078
5078
5078
5078
5078
5078
5078
5078
5078
5078
5078
5078
5078
5077
5070
5051
5051
5051
5051
5051
5051
5051
5051
5051
5051
5051
5051
5053
5038
5038
5038
5039
5037
5040
5040
5040
5040
5041
5041
5041
5041
5041
5041
5036
5035
5035
5035
5033
5032
5032
5032
5032
5032
5032
5027
5027
5027
5018
5023
5023
5023
5023
5019
5016
5016
5003
5003
5003
5003
5013
5014
5014
5009
5009
5009
5012
5008
5010
5010
5010
4999
4999
4998
4997
4990
4990
3764
3764
4987
4987
4987
4989
4982
4982
4982
4982
4982
4982
4982
4982
4982
4982
4979
4978
4970
4973
4973
4961
4961
4954
4968
4952
4952
4947
4947
4940
4940
4940
4910
4910
4910
4943
4943
4943
4939
4935
4935
4923
4907
4907
4907
4908
4908
4908
4908
4908
4920
4920
4920
4920
4920
4920
4920
4920
4920
4922
4922
4909
4905
4905
4905
4892
4892
4892
4892
4892
4892
4892
4892
4892
4892
4892
4897
4897
4896
4896
4895
4895
4895
4895
4895
4895
4891
4889
4889
4888
4888
4888
4888
4888
4888
4888
4888
4888
4888
4888
4888
4882
4882
4874
4873
4864
4864
4864
4864
4864
4864
4864
4860
4852
4852
4851
4831
4831
4831
4831
4831
4831
4831
4839
4825
4825
4825
4825
4816
4816
4820
4820
4820
4820
4826
4827
4827
4827
4827
4822
4748
4748
4818
4818
4818
4818
4814
4814
4812
4812
4812
4812
4812
4812
4812
4813
4807
4807
4807
4807
4801
4801
4801
4801
4805
4805
4805
4803
4802
4787
4787
4799
4800
4800
4800
4800
4800
4800
4800
4800
4800
4800
4800
4800
4800
4800
4800
4800
4800
4800
4800
4800
4800
4800
4800
4800
4800
4800
4800
4800
4800
4800
4800
4800
4800
4800
4800
4800
4800
4800
4800
4800
4800
4800
4800
4800
4800
4800
4800
4800
4800
4800
4800
4800
4800
4800
4800
4800
4800
4800
4800
4800
4800
4800
4800
4800
4800
4800
4800
4800
4800
4800
4800
4800
4800
4800
4800
4800
4800
4800
4800
4800
4800
4800
4800
4800
4800
4800
4800
4798
4796
4793
4793
4793
4793
4793
4793
4793
4793
4793
4793
4793
4793
4793
4793
4793
4793
4792
4790
4790
4790
4785
4788
4788
4788
4777
4777
4777
4777
4774
4774
4774
4770
4770
4770
4770
4770
4768
4768
4768
4769
4772
4771
4762
4762
4751
4754
4754
4754
4755
4749
4749
4749
4749
4749
4749
4745
4745
4741
4741
4741
4741
4741
4741
4741
4741
4741
4741
4741
4741
4741
4741
4739
4740
4736
4736
4735
4728
4725
4725
4725
4725
4725
4727
4715
4715
4715
4715
4715
4715
4715
4715
4715
4715
4715
4715
4715
4715
4715
4715
4715
4715
4715
4715
4715
4715
4715
4715
4715
4715
4715
4715
4715
4715
4715
4715
4715
4715
4715
4715
4715
4715
4715
4715
4715
4715
4715
4715
4715
4715
4715
4715
4715
4708
4713
4713
4713
4713
4713
4713
4713
4713
4713
4713
4713
4713
4713
4713
4713
4713
4713
4713
4713
4713
4713
4713
4713
4713
4713
4713
4713
4713
4713
4713
4713
4713
4713
4713
4713
4713
4713
4713
4713
4713
4713
4713
4713
4713
4713
4713
4713
4713
4713
4713
4713
4713
4713
4713
4713
4713
4713
4713
4713
4713
4713
4713
4713
4713
4713
4713
4713
4713
4713
4713
4713
4713
4713
4713
4713
4713
4713
4713
4713
4713
4713
4711
4705
4705
4705
4705
4705
4705
4705
4705
4702
4702
4702
4696
4700
4695
4690
4690
4690
4690
4690
4690
4690
4690
4690
4690
4690
4690
4690
4690
4690
4690
4684
4684
4684
4680
4680
4680
4680
4680
4680
4680
4680
4680
4680
4680
4680
4680
4680
4680
4680
4688
4686
4685
4681
4681
4681
4678
4676
4676
4676
4676
4677
4677
4677
4677
4677
4677
4677
4677
4677
4677
4677
4677
4677
4677
4675
4675
4675
4675
4675
4675
4675
4675
4675
4675
4675
4675
4675
4675
4675
4675
4675
4675
4675
4675
4675
4675
4675
4675
4675
4675
4675
4675
4675
4672
4672
4672
4672
4665
4665
4665
4665
4665
4665
4666
4666
4663
4663
4663
4663
4663
4662
4662
4662
4662
4662
4662
4662
4662
4662
4662
4662
4661
4660
4660
4660
4660
4659
4654
4653
4653
4653
4650
4650
4649
4649
4649
4649
4649
4649
4649
4649
4649
4647
4645
4645
4645
4645
4645
4645
4644
4644
4642
4642
4642
4614
4641
4641
4641
4641
4641
4641
4639
4635
4634
4634
4634
4634
4634
4634
4634
4634
4634
4634
4634
4634
4634
4634
4634
4634
4634
4634
4634
4631
4631
4631
4630
4630
4630
4629
4629
4629
4629
4629
4629
4629
4629
4629
4629
4629
4629
4629
4629
4629
4629
4629
4629
4629
4616
4628
4628
4628
4628
4628
4627
4627
4627
4627
4627
4627
4627
4627
4627
4627
4627
4627
4626
4626
4626
4626
4626
4626
4626
4624
4624
4624
4624
4624
4623
4623
4623
4623
4623
4623
4623
4621
4621
4621
4621
4621
4621
4621
4621
4621
4620
4620
4620
4620
4620
4620
4620
4620
4620
4620
4613
4613
4613
4613
4613
4613
4613
4613
4613
4613
4613
4609
4609
4609
4609
4609
4609
4609
4609
4609
4609
4609
4609
4609
4609
4609
4609
4606
4606
4606
4606
4600
4568
4568
4568
4568
4568
4568
4593
4593
4593
4593
4593
4593
4585
4585
4585
4585
4585
4584
4584
4584
4584
4584
4584
4584
4581
4581
4581
4582
4582
4582
4582
4580
4580
4580
4550
4550
4550
4565
4565
4565
4565
4565
4565
4565
4561
4555
4555
4555
4555
4555
4555
4555
4555
4547
4547
4547
4547
4547
4547
4547
4547
4547
4547
4549
4549
4549
4549
4549
4549
4549
4549
4549
4549
4549
4549
4549
4549
4549
4549
4549
4549
4549
4549
4549
4549
4549
4549
4549
4549
4549
4549
4549
4549
4549
4549
4549
4549
4549
4549
4549
4549
4549
4549
4549
4549
4534
4534
4540
4532
4531
4531
4525
4525
4524
4520
4521
4519
4519
4519
4519
4519
4519
4519
4519
4519
4519
4519
4519
4519
4519
4517
4517
4517
4517
4517
4517
4517
4517
4518
4513
4516
4516
4516
4516
4511
4511
4511
4511
4511
4511
4511
4511
4511
4511
4511
4511
4511
4511
4511
4511
4511
4511
4511
4511
4511
4511
4511
4511
4511
4511
4511
4511
4511
4511
4511
4511
4511
4511
4511
4511
4511
4511
4511
4511
4511
4511
4511
4511
4511
4511
4511
4511
4511
4511
4511
4511
4511
4511
4511
4511
4511
4511
4511
4511
4511
4511
4511
4511
4511
4509
4509
4509
4509
4509
4509
4509
4509
4509
4509
4509
4509
4509
4509
4509
4509
4509
4509
4509
4509
4509
4509
4509
4509
4509
4509
4509
4509
4509
4509
4509
4509
4509
4509
4508
4508
4508
4508
4508
4508
4507
4507
4507
4507
4507
4502
4503
4479
4479
4504
4501
4498
4489
4489
4493
4492
4492
4494
4494
4491
4491
4491
4488
4480
4482
4478
4476
4476
4476
4476
4472
4471
4474
4474
4469
1
4463
4463
4463
4463
4463
4463
4463
4463
4463
4464
4464
4464
4464
4464
4466
4420
4448
4448
4448
4460
4442
4453
4444
4452
4452
4452
4452
4452
4452
4452
4452
4452
4452
4452
4449
4449
4449
4449
4449
4449
4449
4449
4449
4449
4449
4449
4449
4449
4449
4449
4445
4445
4438
4438
4438
4438
4435
4435
4341
4341
4341
4341
4341
4341
4341
4341
4341
4341
4341
4341
4341
4341
4341
4341
4341
4341
4409
4409
4408
4396
4397
4397
4397
4398
4398
4388
4346
4346
4353
4353
4353
4353
4376
4376
4376
4376
4376
4376
4376
4376
4381
4381
4375
4374
4374
4372
4372
4372
4372
4372
4372
4372
4372
4372
4372
4373
4373
4369
4369
4369
4369
4369
4365
4365
4365
4368
4336
4363
4363
4363
4363
4363
4363
4362
4362
4361
4361
4340
4359
4359
4359
4359
4357
4357
4339
4339
4326
4326
4326
4326
4326
4326
4326
4326
4326
4272
4316
4314
4314
4314
4314
4314
4314
4314
4314
4286
4286
4286
4286
4286
4286
4286
4286
4286
4286
4286
4286
4286
4286
4286
4286
4286
4286
4296
4296
4291
4287
4287
4288
4288
4288
4285
4263
4263
4269
4262
4262
4262
4257
4215
4215
4215
4249
4249
4249
4249
4249
4234
4234
4234
4234
4246
4246
4235
4235
4243
4243
4243
4232
4232
4232
4230
4213
4213
4213
4206
4206
4151
4160
4167
4167
4167
4157
4109
4109
4109
4109
4138
4138
4138
4138
4146
4127
4127
4142
4142
4142
4142
4144
4144
4144
4144
4144
4144
4144
4144
4144
4144
4144
4141
4141
4141
4141
4141
4141
4141
4141
4141
4141
4141
4141
4141
4141
4141
4141
4141
4141
4141
4141
4141
4141
4141
4141
4141
4141
4141
4141
4139
4139
4139
4136
4136
4136
4136
4137
4137
4137
4137
4137
4133
4133
4133
4133
4133
4133
4133
4133
4133
4133
4133
4133
4133
4133
4133
4133
4133
4133
4133
4133
4133
4133
4133
4133
4133
4133
4133
4133
4133
4133
4133
4130
4130
4130
4130
4130
4130
4130
4130
4130
4130
4130
4130
4130
4130
4130
4130
4130
4130
4130
4130
4130
4130
4130
4130
4130
4130
4130
4130
4130
4130
4124
4124
4124
4124
4124
4124
4124
4124
4124
4124
4124
4124
4124
4118
4118
4118
4118
4118
4118
4118
4118
4118
4118
4118
4118
4118
4118
4118
4118
4118
4118
4118
4118
4125
4121
4121
4122
4122
4120
4120
4120
4116
4116
4116
4116
4116
4116
4116
4116
4116
4116
4116
4116
4116
4116
4116
4116
4116
4116
4116
4116
4116
4116
4116
4116
4117
4117
4117
4117
4117
4117
4117
4117
4117
4117
4117
4117
4117
4117
4117
4117
4117
4117
4115
4115
4095
4095
4089
4089
4097
4096
4096
4096
4096
4096
4096
4096
4096
4096
4096
4096
3972
3972
3972
3972
3972
3972
3972
3972
3972
3972
3972
4090
4088
4088
4082
4082
4082
4082
4082
4082
4082
4082
4078
4078
4078
4068
4069
4072
4055
4055
4074
4074
4074
4074
4074
4074
4070
4060
4058
4057
4057
4057
4040
4038
4038
4033
4033
4033
4033
4033
4033
4011
4011
4033
4033
4033
4033
4011
4011
3996
3996
3996
3996
3996
3996
3996
3996
3996
3996
3976
3971
3971
3960
3960
3960
3961
3920
3920
3916
3908
3908
3900
3895
3895
3895
3873
3873
3873
3873
3873
3873
3873
3873
3873
3873
3888
3886
3881
3881
3881
3878
3878
3878
3878
3878
3878
3878
3878
3874
3874
3874
3874
3874
3874
3874
3874
3877
3874
3874
3874
3874
3874
3877
3871
3870
3870
3870
3870
3870
3867
3866
3864
3863
3863
3863
3859
3851
3851
3851
3858
3766
3766
3766
3766
3766
3262
3262
3262
3262
3262
3262
3262
3262
3262
3846
3845
3843
3843
3843
3841
3841
3841
3841
3840
3840
3840
3840
3840
3837
3837
3837
3837
3837
3837
3837
3837
3837
3837
3837
3837
3837
3837
3837
3837
3837
3837
3837
3837
3837
3837
3837
3837
3837
3837
3837
3837
3836
3829
3823
3819
3819
3788
3788
3788
3788
3788
3788
3752
3792
3792
3755
3802
3802
3802
3799
3799
3781
3777
3777
3764
3764
3764
3756
3753
3753
3751
3721
3746
3747
3744
3748
3725
3725
3709
3700
3700
3696
3696
3691
3674
3674
3624
3613
3602
3602
3602
3611
3611
3611
3603
3581
3580
3579
3578
3576
3576
3576
3576
3576
3576
3574
3574
3572
3572
3572
3572
3572
3572
3571
3571
3570
3566
3566
3566
3566
3567
3567
3525
3525
3562
3564
3564
3564
3564
3564
3563
3563
3563
3556
3556
3556
3556
3556
3561
3561
3561
3561
3561
3555
3555
3555
3557
3557
3557
3558
3558
3547
3547
3547
3547
3547
3551
3551
3551
3551
3551
3551
3552
3552
3552
3550
3550
3550
3550
3550
3550
3550
3550
3550
3543
3543
3543
3543
3543
3545
3541
3541
3541
3541
3541
3541
3541
3544
3532
3532
3532
3532
3532
3532
3540
3540
3422
3422
3422
3422
3522
3522
3522
3522
3518
3518
3518
3511
3511
3508
3508
3508
3509
3509
3509
3288
3504
3505
3505
3503
3503
3503
3503
3503
3506
3502
3502
3500
3500
3500
3476
3476
3476
3476
3476
3476
3476
3476
3476
3490
3475
3475
3475
3475
3462
3462
3462
3462
3481
3451
3451
3451
3451
3451
3451
3451
3451
3451
3451
3459
3459
3459
3449
3449
3449
3450
3450
3450
3450
3450
3434
3434
3434
3434
3434
3443
3432
3432
3432
3432
3432
3432
3432
3432
3432
3432
3428
3428
3428
3428
3428
3425
3425
3419
3419
3419
3419
3419
3421
3421
3421
3415
3410
3410
3410
3410
3410
3410
3410
3410
3410
3410
3413
3413
3408
3408
3399
3399
3398
3398
3377
3377
3370
3370
3353
3325
3350
3350
3346
3335
3331
3331
3331
3331
3331
3331
3331
3331
3331
3331
3331
3331
3331
3331
3331
3331
3331
3331
3331
3331
3331
3331
3331
3331
3331
3331
3331
3331
3331
3331
3330
3330
3330
3332
3332
3332
3332
3332
3332
3332
3332
3332
3332
3332
3332
3332
3332
3332
3332
3332
3332
3332
3332
3332
3332
3327
3326
3326
3326
3326
3316
3316
3293
3287
3285
3285
3285
3283
3283
3284
3284
3284
3282
3282
3282
3282
3281
3272
3272
3263
3263
3242
3242
3242
3241
3241
3237
3232
3229
3229
3159
3159
3159
3218
3218
3218
3218
3218
3207
3207
3207
3207
3207
3207
3207
3207
3207
3212
3210
3210
3211
3208
3208
3206
3206
3206
3161
3149
270
3148
3147
3147
3147
3147
3143
3143
3143
3143
3140
3140
3140
3140
3142
3142
3142
3142
3142
3142
3142
3139
3137
3134
3127
3127
3120
3120
3125
3125
3125
3125
3108
3108
3108
3100
3100
3100
3100
3094
3091
3091
3092
3092
3080
3080
3080
3080
3080
3080
3089
3078
3078
3078
3078
3059
3059
3059
3059
3057
3057
3057
3057
3057
3057
3057
3057
3057
3057
3057
3057
3057
3057
3066
3069
3025
3025
3060
3058
3033
3033
3032
3032
3032
3032
3032
3030
3030
3030
3031
3031
3031
3029
3029
3029
3029
3029
3029
3029
3029
3026
3026
3026
3013
3013
3013
3015
3015
3015
3015
3018
3014
3014
3014
3014
3014
3014
3014
3014
3008
3008
3008
3008
3008
3008
3008
3008
3008
3008
3008
3008
3008
3008
3008
3008
3008
3008
3008
3008
3008
3005
3005
3005
3005
3005
3005
3000
3000
3000
3000
3001
2999
2999
2996
2996
2996
2996
2996
2995
2991
2991
2991
2991
2991
2991
2991
2991
2991
2991
2991
2991
2991
2991
2991
2992
2992
2992
2992
2992
2992
2992
2990
2990
2990
2990
2990
2990
2990
2990
2990
2990
2989
2989
2989
2989
2989
2989
2989
2989
2989
2989
2989
2989
2989
2989
2959
2959
2959
2959
2959
2959
2978
2978
2978
2978
2979
2979
2979
2979
2974
2974
2974
2974
2974
2974
2974
2974
2973
2973
2973
2973
2973
2972
2957
2957
2956
2956
2956
2955
2955
2955
2955
2953
2953
2953
2953
2935
2935
2935
2935
2935
2935
2927
2883
2883
2917
2917
2917
2917
2917
2917
2917
2917
2917
2917
2917
2917
2905
2905
2905
2904
2904
2904
2904
2904
2904
2904
2899
2818
2818
2818
2875
2875
2875
2875
2875
2873
2873
2872
2871
2871
2871
2871
2871
2871
2871
2871
2871
2871
2871
2871
2871
2865
2865
2865
2865
2865
2865
2865
2865
2865
2865
2865
2865
2865
2865
2865
2865
2865
2868
2868
2867
2867
2866
2864
2862
2862
2862
2862
2862
2862
2862
2863
2858
2852
2852
2852
2852
2852
2852
2852
2852
2852
2852
2852
2852
2852
2852
2852
2852
2852
2852
2852
2852
2852
2852
2853
2853
2855
2855
2816
2841
2841
2841
2838
2838
2833
2833
2833
2835
2831
2831
2831
2831
2831
2831
2823
2823
2823
2804
2804
2790
2765
2765
2765
2765
2765
2765
2765
2765
2765
2765
2765
2750
2750
2391
2391
2391
2763
2763
2751
2751
2751
2751
2758
2758
2758
2744
2744
2741
2741
2741
2741
2741
2741
2741
2727
2727
2727
2727
2727
2722
2722
2722
2721
2717
2717
2716
2716
2716
2716
2716
2716
2714
2714
2714
2714
2714
2714
2714
2714
2714
2714
2714
2714
2714
2714
2714
2714
2714
2714
2714
2714
2714
2714
2714
2714
2714
2714
2714
2714
2714
2714
2714
2714
2714
2714
2714
2714
2714
2714
2714
2714
2714
2714
2714
2714
2714
2714
2714
2714
2714
2712
2712
2712
2712
2712
2712
2712
2712
2712
2712
2712
2712
2712
2712
2712
2712
2712
2712
2712
2712
2712
2712
2712
2712
2712
2712
2712
2712
2712
2712
2712
2712
2712
2712
2712
2712
2712
2712
2712
2712
2712
2712
2712
2713
2713
2713
2711
2690
2690
2710
2708
2703
2703
2703
2703
2703
2703
2703
2703
2697
2697
2702
2702
2695
2692
2692
2688
2688
2688
2688
2688
2688
2686
2686
2686
2686
2686
2689
2689
2685
2685
2685
2685
2685
2666
2666
2666
2666
2666
2666
2666
2666
2666
2666
2666
2666
2666
2666
2666
2666
2666
2666
2666
2666
2666
2666
2666
2666
2666
2684
2684
2684
2673
2673
2665
2665
2665
2665
2665
2665
2665
2665
2665
2665
2665
2665
2665
2665
2665
2665
2665
2665
2665
2665
2665
2665
2665
2665
2665
2665
2665
2665
2665
2665
2665
2665
2665
2665
2665
2665
2665
2665
2665
2665
2665
2665
2665
2665
2665
2665
2665
2665
2665
2665
2665
2665
2665
2665
2665
2665
2665
2665
2665
2665
2665
2665
2665
2664
2664
2664
2664
2664
2664
2664
2664
2664
2664
2664
2664
2664
2664
2664
2664
2664
2664
2661
2661
2660
2660
2660
2660
2660
2660
2660
2659
2659
2657
2657
2657
2657
2657
2657
2647
2647
2647
2647
2647
2658
2658
2658
2658
2658
2658
2658
2658
2658
2658
2656
2656
2656
2552
2552
2614
2614
2614
2642
2648
2648
2648
2648
2648
2648
2648
2648
2645
2645
2645
2645
2645
2645
2645
2645
2645
2639
2639
2639
2639
2639
2639
2639
2639
2639
2639
2639
2639
2639
2639
2639
2643
2638
2638
2638
2617
2617
2615
2601
2601
2602
2594
2587
2587
2587
2587
2586
2586
2583
2583
2583
2583
2571
2571
2571
2571
2571
2571
2571
2571
2571
2574
2574
2572
2572
2572
2572
2572
2572
2572
2572
2572
2572
2572
2572
2572
2572
2572
2572
2572
2572
2572
2572
2572
2572
2572
2572
2572
2572
2559
2559
2555
2555
2544
2544
2544
2544
2544
2544
2544
2544
2544
2544
2544
2544
2539
2539
2539
2539
2540
2540
2540
2540
2540
2540
2540
2540
2540
2540
2540
2540
2540
2538
2520
2520
2520
2520
2520
2520
2520
2529
2529
2529
2529
2529
2523
2523
2523
2523
2523
2523
2523
2523
2523
2523
2523
2523
2523
2523
2523
2523
2523
2523
2522
2522
2522
2522
2522
2522
2522
2522
2522
2522
2522
2522
2522
2522
2522
2522
2522
2522
2513
2513
2513
2513
2502
2502
2502
2502
2502
2502
2502
2502
2502
2494
2495
2496
2499
2493
2479
2479
2479
2479
2479
2473
2473
2473
2473
2473
2473
2471
2467
2467
2454
2446
2446
2446
2446
2445
2445
2445
2445
2438
2438
2438
2438
2438
2438
2438
2438
2430
2428
2421
2421
2417
2417
2417
2406
2403
2403
2388
2388
2388
2377
2371
2371
2371
2371
2366
2366
2366
2360
2360
2358
2358
2358
2358
2358
2358
2358
2358
2356
2356
2356
2356
2353
2353
2353
2353
2345
2347
2332
2330
2325
2324
2324
2324
2324
2324
2324
2324
2324
2319
2319
2317
2317
2317
2307
2307
2304
2304
2304
2304
2304
2304
2302
2302
2302
2302
2302
2302
2299
2299
2293
2292
2285
2285
2285
2275
2275
2275
2275
2275
2276
2276
2276
2276
2276
2276
2276
2276
2276
2276
2276
2276
2276
2276
2256
2256
2256
2256
2256
2256
2255
2255
2253
2252
2251
2251
2250
2250
2250
2250
2244
2244
2207
2235
2235
2224
2224
2224
2227
2227
2227
2227
2227
2227
2227
2226
2226
2220
2208
2208
2197
2188
2188
2188
2188
2188
2195
2195
2189
2189
2185
2185
2185
2185
2185
2185
2187
2187
2187
2187
2187
2187
2187
2187
2187
2187
2187
2186
2186
2184
2184
2184
2184
2184
2183
2183
2183
2183
2183
2183
2183
2183
2183
2183
2183
2183
2183
2183
2183
2183
2183
2183
2183
2183
2183
2183
2183
2183
2182
2182
2182
2182
2182
2182
2182
2182
2182
2182
2182
2182
2182
2182
2182
2182
2182
2182
2182
2182
2182
2182
2182
2182
2182
2182
2182
2182
2182
2182
2182
2182
2182
2182
2182
2182
2182
2182
2182
2182
2182
2182
2182
2182
2182
2182
2177
2177
2177
2177
2177
2177
2177
2177
2177
2177
2177
2177
2177
2177
2177
2177
2177
2177
2177
2177
2177
2177
2177
2177
2177
2177
2177
2177
2177
2177
2177
2177
2177
2177
2177
2177
2177
2177
2177
2177
2177
2177
2177
2177
2177
2177
2177
2177
2177
2177
2177
2177
2177
2177
2177
2177
2177
2177
2177
2177
2177
2177
2177
2181
2181
2180
2176
2176
2176
2176
2176
2176
2176
2176
2176
2176
2176
2174
2174
2174
2174
2174
2174
2174
2174
2174
2174
2174
2173
2173
2173
2173
2168
2168
2168
2168
2168
2168
2168
2168
2167
2167
2167
2167
2167
2167
2164
2164
2162
2162
2162
2162
2162
2159
2159
2155
2155
2155
2155
2155
2155
2155
2155
2155
2155
2155
2155
2155
2155
2155
2155
2155
2150
2150
2150
2150
2150
2150
2150
2150
2150
2150
2150
2150
2150
2150
2150
2150
2150
2150
2150
2150
2150
2150
2150
2150
2150
2150
2150
2150
2150
2150
2150
2150
2150
2150
2150
2149
2149
2149
2149
2149
2149
2149
2149
2149
2149
2149
2149
2149
2149
2149
2149
2149
2149
2149
2149
2149
2149
2149
2149
2149
2149
2149
2149
2149
2149
2149
2149
2149
2149
2149
2149
2149
2149
2149
2149
2149
2149
2149
2149
2149
2149
2149
2149
2149
2149
2149
2149
2149
2149
2149
2149
2149
2149
2149
2149
2149
2149
2149
2149
2149
2149
2149
2149
2149
2149
2149
2149
2149
2149
2149
2149
2149
2149
2149
2149
2149
2149
2149
2149
2149
2149
2149
2149
2149
2149
2149
2149
2149
2149
2149
2149
2149
2149
2149
2149
2149
2149
2149
2149
2149
2149
2149
2149
2149
2149
2149
2149
2149
2149
2149
2149
2149
2149
2149
2149
2149
2149
2149
2149
2149
2149
2149
2149
2149
2149
2149
2149
2149
2149
2149
2149
2149
2149
2149
2149
2149
2149
2149
2149
2149
2149
2149
2149
2149
2149
2149
2149
2149
2149
2149
2149
2149
2149
2149
2149
2149
2149
2149
2149
2149
2149
2149
2149
2148
2148
2148
2148
2148
2146
2146
2146
2141
2141
2141
2141
2139
2139
2139
2139
2139
2139
2140
2140
2140
2140
2140
2140
2140
2140
2140
2140
2140
2137
2137
2137
2137
2137
2137
2137
2137
2137
2137
2137
2137
2135
2135
2135
2126
2126
2126
2126
2126
2126
2126
2126
2126
2126
2126
2128
2128
2128
2129
2118
2118
2118
2118
2118
2118
2118
2118
2118
2118
2118
2118
2118
2118
2118
2118
2118
2118
2118
2118
2118
2118
2118
2118
2118
2118
2118
2118
2118
2118
2118
2118
2118
2118
2118
2118
2118
2118
2118
2118
2118
2118
2118
2118
2118
2118
2118
2118
2118
2118
2118
2118
2118
2118
2118
2118
2118
2118
2118
2118
2118
2118
2118
2118
2118
2118
2118
2118
2118
2118
2118
2118
2118
2118
2118
2118
2118
2118
2118
2118
2118
2118
2118
2118
2118
2118
2118
2118
2118
2118
2118
2118
2118
2118
2118
2118
2118
2118
2118
2118
2118
2118
2118
2118
2118
2118
2118
2118
2118
2118
2118
2118
2118
2118
2118
2118
2118
2118
2118
2118
2118
2118
2118
2118
2118
2118
2118
2118
2118
2118
2118
2118
2118
2118
2118
2118
2118
2118
2118
2118
2118
2118
2118
2118
2118
2118
2118
2118
2118
2118
2118
2118
2118
2118
2118
2118
2118
2118
2118
2118
2118
2118
2118
2118
2118
2118
2118
2118
2118
2118
2118
2118
2118
2118
2118
2118
2118
2118
2118
2118
2118
2118
2118
2118
2118
2118
2118
2118
2118
2118
2118
2118
2118
2118
2118
2118
2118
2118
2118
2118
2118
2118
2118
2118
2118
2118
2118
2118
2118
2118
2118
2118
2118
2118
2118
2118
2118
2118
2118
2118
2118
2118
2118
2118
2118
2118
2118
2118
2118
2118
2118
2118
2118
2118
2118
2118
2118
2118
2118
2118
2115
2115
2115
2115
2115
2115
2105
2105
2105
2105
2105
2105
2101
2101
2101
2101
2101
2101
2101
2113
2112
2112
2112
2112
2112
2107
2107
2107
2107
2107
2107
2107
2107
2107
2111
2111
2111
2111
2111
2111
2111
2111
2111
2111
2110
2109
2109
2104
2104
2103
2102
2100
2094
2094
2094
2094
2094
2094
2094
2089
2089
2089
2089
2089
2089
2089
2089
2089
2089
2089
2089
2089
2089
2089
2089
2089
2089
2089
2089
2095
2095
2095
2095
2095
2095
2095
2095
2095
2095
2095
2095
2095
2095
2095
2095
2095
2095
2092
2091
2091
2090
2082
2082
2082
2082
2088
2088
2086
2086
2087
2087
2087
2087
2087
1919
1919
1919
1919
1919
1919
2080
2080
2080
2080
2080
2080
2080
2077
2077
2077
2077
2072
2072
2072
2072
2072
2067
2067
2067
2067
2067
2065
2065
2065
2065
2065
2062
2062
2050
2050
2055
2055
2055
2055
2055
2055
2055
2055
2055
2052
2052
2052
2052
2052
2052
2048
2048
2048
2045
2045
2045
2045
2045
2045
2045
2045
2045
2045
2045
2045
2045
2045
2045
2045
2045
2045
2045
2045
2045
2045
2045
2045
2043
2042
2038
2038
2039
2039
2037
2037
2037
2037
2037
2037
2037
2036
2036
2033
2033
2030
2026
2026
2024
2024
2022
2020
2020
2020
2020
2013
2008
2008
2008
2008
2008
2008
2008
2008
2008
2004
1999
1999
1999
2000
2000
2000
2000
2000
2000
2000
1996
1996
1996
1995
1995
1995
1991
1987
1982
1982
1982
1980
1970
1970
1970
1970
1970
1971
1967
1967
1967
1967
1967
1967
1967
1967
1967
1967
1967
1967
1967
1967
1967
1963
1963
1963
1963
1960
1960
1960
1959
1959
1959
1959
1956
1956
1957
1957
1957
1958
1848
1848
1885
1885
1885
1939
1939
1870
1870
1801
1801
1936
1936
1915
1908
1908
1908
1908
1908
1908
1901
1896
1888
1878
1881
1879
1880
1880
1880
1880
1877
1877
1876
1876
1876
1876
1876
1876
1876
1875
1875
1875
1875
1875
1875
1875
1875
1875
1875
1875
1875
1874
1874
1874
1868
1863
1863
1863
1858
1835
1855
1852
1851
1851
1851
1851
1824
1833
1833
1833
1833
1849
1849
1845
1845
1793
1793
1835
1835
1835
1835
1835
1835
1835
1835
1790
1790
1828
1828
1828
1828
1828
1828
1827
1827
1827
1827
1827
1827
1821
1817
1817
1799
1799
1799
1799
1799
1789
1789
1794
1787
1786
1786
1786
1785
1785
1785
1785
1785
1784
1784
1784
1784
1784
1784
1784
1784
1784
1784
1784
1784
1784
1784
1784
1784
1784
1784
1784
1782
1782
1782
1782
1783
1783
1783
1781
1781
1781
1781
1781
1781
1781
1781
1781
1781
1781
1781
1781
1765
1765
1765
1765
1765
1765
1765
1765
1765
1765
1765
1765
1765
1765
1765
1760
1760
1759
1758
1720
1720
1718
1718
1716
1716
1716
1715
1715
1715
1715
1715
1715
1715
1715
1715
1715
1715
1715
1715
1715
1715
1715
1715
1714
1714
1714
1713
1708
1708
1708
1708
1708
1708
1708
1708
1708
1708
1708
1708
1708
1708
1708
1708
1708
1708
1708
1708
1708
1708
1708
1708
1708
1708
1708
1708
1708
1708
1708
1708
1708
1708
1708
1708
1708
1708
1708
1708
1708
1708
1705
1705
1676
1676
1676
1687
1674
1665
1665
1665
1669
1669
1669
1669
1669
1669
1668
1668
1668
1668
1668
1668
1668
1668
1663
1663
1663
1663
1663
1663
1663
1663
1662
1659
1659
1658
1654
1654
1650
1650
1650
1649
1649
1648
1648
1634
1633
1633
1633
1631
1631
1631
1631
1631
1631
1631
1630
1630
1630
1629
1629
1629
1629
1625
1625
1625
1624
1624
1624
1618
1618
1618
1626
1621
1621
1623
1619
1619
1617
1617
1617
1614
1614
1614
1598
1598
1598
1607
1607
1606
1606
1596
1596
1596
1596
1596
1604
1604
1603
1603
1603
1602
1602
1602
1601
1601
1601
1601
1600
1600
1600
1555
1555
1595
1595
1590
1590
1590
1590
1590
1590
1590
1590
1590
1589
1589
1589
1589
1589
1589
1589
1589
1589
1591
1580
1580
1578
1575
1575
1575
1575
1575
1575
1575
1575
1575
1571
1571
1570
1570
1570
1569
1569
1566
1565
1564
1564
1563
1559
1559
1559
1559
1559
1552
1553
1388
1388
1388
1388
1388
1388
1388
1388
1388
1388
1388
1388
1388
1388
1388
1388
1388
1388
1388
1388
1388
1388
1548
1548
1532
1532
1532
1532
1529
1529
1529
1527
1526
1508
1506
1507
1505
1503
1501
1493
1498
1498
1499
1500
1497
1497
1497
1497
1495
1495
1495
1495
1495
1495
1492
1487
1491
1489
1489
1489
1489
1489
1489
1489
1489
1489
1489
1489
1489
1489
1489
1489
1489
1488
1488
1488
1488
1488
1488
1488
1488
1488
1488
1488
1488
1488
1488
1488
1488
1488
1481
1481
1481
1481
1485
1475
1480
1480
1479
28934866
1478
1478
1478
1457
1457
1474
1473
1473
1473
1473
1394
1472
1472
1469
1469
1465
1465
1465
1465
1465
1456
1450
1450
1449
1449
1448
1448
1448
1448
1448
1448
1393
1393
1392
1392
1383
1364
1364
1357
1357
1355
1355
1355
1355
1353
1353
1345
1347
1347
1347
1342
1341
1308
1308
1308
1308
1308
1308
1308
1308
1330
1330
1332
1332
1332
1326
1324
1324
1324
1323
1317
1322
1320
1312
1312
1312
1312
1312
1312
1312
1312
1312
1312
1299
1299
1299
1208
1208
1321
1315
1315
1316
610
1313
1313
1310
1310
1310
1307
1307
1307
1297
1297
1297
1297
1297
1297
1297
1297
1297
1297
1297
1297
1298
1298
1298
1289
1289
1289
1289
1290
1290
1290
1290
1290
1290
1290
1290
1290
1290
1290
1290
1290
1290
1292
1293
1291
1295
1295
1295
1295
1295
1295
1295
1270
1270
1270
1270
1270
1270
1270
1270
1270
1270
1286
1286
1286
1286
1286
1286
1286
1287
1283
1283
1282
1282
1282
1282
1280
1280
1280
1280
1280
1280
1280
1280
1280
1279
1276
1276
1276
1276
1276
1224
1275
1274
1274
1273
1273
1273
1273
1273
1272
1272
1272
1272
1272
1272
1272
1272
1271
1271
1271
1271
1267
1267
1267
1267
1267
1267
1269
1268
1268
1268
1268
1260
1260
1260
1260
1260
1260
1260
1260
1260
1260
1260
1260
1260
1260
1260
1260
1260
1260
1260
1260
1264
1262
1259
1259
1259
1256
1256
1256
1256
1256
1257
1257
1257
1257
1254
1254
1254
1252
1252
1252
1252
1251
1250
1250
1249
1249
1249
1248
1248
1248
1248
1247
1247
1247
1247
1247
1244
1244
1244
1245
1245
1245
1245
1245
1245
1243
1243
1243
1243
1243
1243
1243
1243
1243
1236
1236
1236
1236
1236
1236
1238
1238
1225
1225
1235
1235
1234
1234
1234
1234
1234
1233
1233
1231
1231
1231
1231
1231
1231
1231
1231
1229
1229
1229
1229
1229
1229
1229
1229
1229
1229
1229
1229
1229
1229
1230
1230
1228
1227
1227
1226
1226
1226
1223
1223
1221
1221
1222
1220
1220
1220
1220
1220
1220
1219
1219
1219
1219
1219
1219
1219
1219
1218
1218
1218
1218
1218
1218
1218
1218
1218
1218
1218
1217
1189
1189
1189
1189
1189
1189
1189
1189
1189
1189
1205
1205
1205
1204
1194
1194
1197
1202
1202
1202
1202
1202
1202
1202
1202
1202
1202
1202
1202
1202
1202
1202
1202
1202
1202
1196
1193
1193
1193
1193
1193
1187
1187
1186
1186
1181
1181
1177
1174
1176
1129
1129
1129
1129
1129
1129
1129
1129
1129
1129
1129
1129
1129
1129
1129
1129
1129
1129
1129
1171
1171
1167
1167
1167
1167
1169
1169
1169
1169
1169
1170
1168
1162
1162
1162
1162
1162
1162
1162
1162
1162
1162
1162
1137
1137
1137
1140
1140
1144
1144
1144
1145
1145
1143
1143
1143
1143
1143
1143
1143
1143
1143
1143
1143
1143
1143
1143
1143
1143
1128
1128
1128
1128
1128
1128
1128
1128
1128
1128
1127
1127
1124
1124
1124
1124
1123
1123
1120
1122
1121
1117
1117
1117
1117
1115
1115
1115
1115
1116
1116
1113
1113
1113
1113
1112
1112
1112
1112
1102
1102
1102
1102
1102
1102
1102
1102
1102
1102
1102
1106
1107
1107
1107
1107
1107
1104
1103
1103
1103
1103
1100
1095
1093
1093
1093
1093
1089
1089
1089
1089
1089
1089
1089
1089
1089
1089
1089
1088
1087
1087
1087
1087
1087
1087
1087
1087
1087
1087
1087
1086
1086
1086
1086
1086
1086
1086
1086
1086
1086
1086
1086
1086
1086
1086
1085
1085
1082
1082
1082
1082
1080
1080
1080
1079
1079
1079
1079
1079
1073
1073
1025
1025
1072
1072
1072
1072
1072
1072
1065
1065
1065
1065
1064
1064
1063
1063
1063
1046
1046
1046
1046
1046
1046
1046
1046
1046
1046
1046
1046
1046
1046
1046
1046
1046
1046
1046
1046
1046
1046
1046
1046
1057
1057
1057
1057
1057
1057
1057
1057
969
969
1028
1028
1028
1023
1023
1023
1023
1023
1023
1023
1023
1023
1023
1018
1011
1010
1011
1011
1002
1002
1002
1002
1002
1000
997
997
996
976
976
976
976
976
976
976
989
987
987
931
931
931
931
931
931
931
949
949
949
980
980
981
981
973
973
973
972
972
972
972
972
972
972
972
944
944
944
944
944
971
895
961
954
954
954
954
954
954
954
954
954
954
954
954
954
954
954
954
955
955
955
948
948
946
946
939
939
939
939
941
940
935
935
935
935
935
935
935
935
935
935
935
935
935
935
935
935
935
935
935
935
935
935
935
935
935
935
935
935
935
935
935
935
935
935
935
935
935
935
935
935
935
935
935
923
923
923
923
923
923
921
921
922
922
918
917
917
916
915
915
915
915
914
914
914
913
913
913
911
911
909
909
909
908
908
910
904
904
904
904
906
900
900
900
900
900
900
900
901
901
897
887
887
893
892
889
888
888
888
888
888
888
888
888
886
882
883
884
884
884
874
874
874
878
878
878
877
872
868
868
867
858
854
849
849
849
847
847
847
847
847
846
846
844
842
843
843
843
843
843
843
843
838
838
840
840
840
840
840
840
840
840
840
840
840
840
840
840
839
839
836
836
836
836
836
835
835
835
835
835
835
835
835
835
835
835
835
835
835
835
835
835
835
834
834
834
834
834
834
834
834
834
834
834
834
834
834
834
834
834
832
832
833
833
833
833
833
826
826
824
819
819
819
819
819
819
819
818
818
818
818
818
818
818
818
818
818
818
817
817
817
817
817
817
817
817
817
817
817
817
817
817
817
817
817
817
812
811
811
811
811
809
809
806
806
806
806
808
807
800
804
804
804
804
804
801
801
768
768
802
789
792
792
792
792
792
792
792
792
792
792
792
792
792
792
792
792
792
792
792
792
792
792
798
798
798
794
794
794
794
794
794
793
793
793
793
793
783
783
783
783
790
790
790
790
790
790
790
790
788
788
788
788
788
788
788
788
788
788
788
788
786
786
786
786
786
785
785
785
785
785
785
785
785
785
785
785
785
784
784
784
784
784
784
784
784
784
784
784
784
784
784
687
687
687
687
687
687
687
781
781
780
780
780
780
779
779
779
779
779
779
779
779
779
779
777
777
773
773
774
774
774
771
771
770
770
770
760
760
760
760
760
769
769
769
769
769
769
769
769
766
766
766
765
765
764
764
764
764
764
764
764
764
764
764
764
764
764
764
763
763
763
763
763
763
763
763
763
763
763
763
763
763
763
755
755
761
761
761
761
761
761
761
761
761
758
758
759
759
759
759
756
756
752
752
752
752
752
752
752
743
743
743
743
743
743
743
743
749
749
749
749
748
748
748
747
744
744
744
744
744
744
744
744
744
744
744
744
744
744
744
738
738
738
738
741
741
741
741
739
739
739
739
733
737
736
736
736
736
736
736
735
734
734
734
734
734
734
734
734
734
734
734
734
734
734
734
734
732
732
732
731
731
731
731
731
731
723
723
723
730
730
730
730
730
730
730
730
730
730
730
730
730
729
729
729
729
729
729
729
729
729
729
729
728
728
728
728
728
728
728
728
727
726
726
726
726
726
726
726
726
726
726
726
726
726
724
724
722
722
722
722
722
722
722
721
721
721
721
721
721
721
721
720
720
719
719
719
719
719
719
719
719
719
719
719
719
718
718
718
718
718
718
716
716
716
716
716
716
715
714
714
714
714
714
714
714
714
713
713
713
712
712
712
711
711
711
711
711
710
710
710
710
710
710
710
710
710
710
710
710
709
708
707
707
707
707
707
707
707
707
707
704
704
704
704
704
704
704
704
704
704
705
705
705
698
698
698
698
697
697
696
692
692
692
692
692
692
692
692
692
692
692
692
692
692
692
692
692
692
692
692
684
684
684
684
684
684
684
684
684
684
684
684
684
684
684
684
684
684
684
684
684
684
684
684
684
684
684
684
684
684
684
684
684
684
684
684
684
684
684
684
684
684
684
684
684
684
684
684
684
684
694
694
693
329
329
329
329
329
329
686
686
674
674
674
674
674
674
674
674
672
672
669
669
669
669
670
668
668
667
667
663
663
663
663
659
659
659
659
659
656
656
656
656
656
656
652
652
640
640
650
645
645
645
643
641
637
637
637
637
639
639
634
632
632
632
629
629
629
629
629
628
628
628
628
628
627
627
627
627
627
625
625
619
619
619
619
619
619
619
619
619
619
619
619
619
619
619
619
619
617
602
602
602
610
610
610
605
605
605
567
567
601
601
601
601
609
609
609
609
609
609
609
609
604
604
604
603
597
597
598
598
599
599
596
596
594
594
594
574
574
574
574
574
574
574
593
593
593
590
590
588
588
588
588
586
586
586
586
587
587
587
587
589
589
589
566
566
566
566
566
584
584
584
583
583
583
583
583
582
582
582
582
582
582
582
582
582
582
582
582
582
579
577
580
580
580
581
573
573
573
573
573
573
573
573
573
573
573
573
573
573
573
573
573
573
573
573
573
573
573
573
573
573
573
573
573
573
573
573
573
573
573
573
573
573
573
573
573
573
573
573
573
573
573
573
573
573
573
573
573
573
571
571
571
571
571
571
571
571
571
571
571
571
571
571
571
571
571
571
571
571
571
571
571
571
571
571
571
571
571
569
569
569
565
564
564
564
563
563
563
563
563
563
563
562
562
562
562
562
562
562
561
561
561
560
560
560
560
559
558
557
557
557
557
557
557
557
557
557
557
557
557
557
557
557
557
557
557
557
557
557
557
557
557
557
556
556
556
555
555
555
555
555
555
555
555
555
555
555
555
555
555
554
554
554
554
554
553
553
553
553
553
553
553
553
553
553
553
553
553
553
553
553
553
553
553
553
553
553
553
553
553
552
552
552
552
552
405
405
405
405
405
551
551
551
551
551
551
551
551
551
551
551
551
551
551
551
551
551
551
551
551
551
551
551
551
551
551
551
551
551
551
551
551
551
551
551
551
551
551
551
551
551
551
551
551
551
551
551
551
551
551
551
551
551
551
551
551
550
550
550
550
550
550
550
550
550
550
550
550
550
550
550
550
550
550
550
550
550
550
550
550
550
550
550
550
550
549
549
549
549
548
548
548
547
547
546
546
546
545
545
545
545
545
545
545
545
545
545
545
545
545
545
545
545
545
545
545
545
545
545
545
545
545
544
544
544
544
544
539
539
538
538
538
538
538
537
537
537
537
536
536
536
536
536
536
536
536
536
536
536
536
536
536
536
536
536
536
536
536
536
536
536
536
536
536
536
536
536
536
536
536
533
533
533
533
533
533
533
533
533
533
533
534
534
534
534
535
535
535
535
535
535
535
532
532
532
532
532
532
532
532
530
530
530
527
527
526
526
526
526
526
526
526
526
526
526
526
526
526
524
524
524
524
524
524
524
524
523
523
523
523
523
523
523
523
523
523
523
523
523
519
519
519
519
519
519
519
519
519
522
518
184
514
514
514
517
517
517
517
517
516
516
516
510
510
510
510
510
510
510
513
512
512
512
512
512
512
512
512
512
512
512
512
512
512
512
509
509
509
509
509
508
508
508
508
503
505
505
504
504
504
504
504
504
504
502
502
502
501
501
501
501
501
501
501
501
501
501
500
500
500
500
499
499
499
496
496
496
496
495
495
495
494
494
494
493
493
493
493
493
492
492
492
492
492
489
489
489
489
489
489
489
489
489
489
489
489
489
489
489
490
490
490
490
490
486
486
486
486
487
487
487
485
485
485
485
485
485
485
485
485
485
485
485
485
485
485
485
485
485
485
485
485
484
484
484
484
483
483
483
483
483
483
483
483
483
483
483
483
483
482
480
480
480
478
478
478
478
479
479
479
479
479
479
479
477
476
476
476
476
476
476
476
476
476
476
476
472
472
472
472
472
472
472
474
474
471
471
471
471
471
471
471
471
470
470
470
470
470
470
470
470
470
470
469
469
469
469
469
469
469
469
469
469
469
469
469
469
469
468
468
468
468
468
468
466
467
467
465
465
461
461
461
461
461
461
461
461
461
461
461
461
461
462
462
462
462
462
462
462
462
464
460
460
460
460
460
460
460
460
460
460
460
460
460
460
460
460
460
460
460
460
460
459
459
459
458
458
458
457
457
457
457
456
456
456
456
456
456
456
456
456
456
456
456
456
455
455
455
454
454
454
454
454
454
447
447
447
447
452
452
452
452
453
453
438
438
438
438
438
438
438
438
438
438
438
438
438
438
438
438
438
438
438
438
438
438
438
438
438
438
438
438
448
448
448
448
448
448
443
443
443
443
443
443
440
439
432
432
432
432
432
432
432
432
428
428
428
428
428
428
431
431
431
431
431
430
430
430
430
430
430
427
427
427
427
427
427
425
423
423
423
423
423
421
421
421
424
422
420
419
415
415
415
415
415
415
415
415
415
415
415
415
413
413
413
413
413
413
413
413
413
413
413
413
418
417
414
413
413
413
413
413
413
413
413
413
413
413
413
413
413
413
413
413
413
413
413
411
411
411
411
411
411
411
411
412
412
403
410
410
410
410
410
410
409
409
409
409
408
408
408
408
408
408
408
400
400
400
400
400
400
400
407
407
406
399
399
399
399
400
400
400
400
400
400
400
400
400
400
400
400
400
400
400
400
396
396
396
396
398
397
397
397
394
394
394
394
394
394
394
394
394
394
394
394
394
394
394
394
394
394
395
395
395
393
391
391
391
391
391
391
391
391
391
391
391
390
390
390
390
390
390
389
389
389
389
389
389
389
389
389
388
388
388
388
388
388
388
388
388
388
387
387
387
387
387
387
387
387
387
387
387
387
387
385
384
384
384
384
384
384
384
384
384
384
384
384
384
383
383
383
383
383
383
383
383
382
382
382
382
382
382
382
382
382
382
382
382
382
382
382
382
382
382
382
382
381
381
381
381
381
381
381
381
381
381
381
381
381
381
381
381
381
381
381
381
381
380
380
380
380
380
380
380
380
380
380
380
380
380
380
380
380
380
380
380
380
380
379
379
379
379
379
379
379
379
379
379
379
379
379
379
379
379
379
379
379
379
378
378
378
378
378
378
378
378
378
378
378
378
378
378
378
378
378
378
377
377
377
377
377
377
377
377
377
377
376
374
368
366
366
366
365
365
364
364
356
356
356
356
356
356
355
355
347
346
346
346
346
346
345
345
343
343
339
339
322
325
320
320
320
320
315
315
318
298
298
314
314
314
312
308
309
309
309
309
309
309
306
306
306
306
306
306
306
306
307
307
307
307
307
307
307
307
301
302
302
302
302
299
299
299
299
299
299
299
299
299
297
297
297
289
287
287
287
287
287
287
287
287
287
287
287
287
287
287
283
283
283
283
283
283
283
283
280
280
280
280
280
280
280
280
279
277
277
277
277
277
277
277
277
277
275
276
276
276
276
276
276
276
276
276
267
267
267
267
267
267
266
266
266
266
266
266
266
266
266
266
266
266
263
263
263
263
263
263
263
263
263
263
263
263
263
263
263
261
261
261
261
261
261
261
261
261
261
261
261
261
261
261
261
261
261
261
261
255
255
255
255
254
254
254
254
254
254
254
254
250
248
248
247
246
245
244
244
243
241
241
241
241
241
241
241
241
241
241
241
241
238
238
238
238
239
239
239
239
239
239
239
239
239
239
239
239
239
239
237
237
237
237
236
236
233
233
233
233
233
235
225
225
225
225
225
225
225
225
225
225
232
234
234
231
218
217
217
217
211
211
211
213
213
212
192
192
210
209
208
204
204
204
204
204
201
199
199
198
198
197
188
186
185
174
172
172
172
172
170
170
168
168
168
168
162
162
162
162
162
165
165
165
160
156
156
156
156
156
156
156
156
156
158
157
155
155
155
155
155
155
155
155
155
155
155
153
153
153
153
153
153
152
152
152
150
150
148
148
147
146
144
143
143
142
142
142
142
142
142
142
142
142
142
106
106
106
106
106
106
106
106
106
106
141
141
141
140
138
138
136
136
136
136
136
136
136
135
134
134
133
133
133
133
133
133
133
133
133
132
132
132
132
132
132
132
132
132
132
130
17
129
129
129
129
129
129
129
129
129
129
129
129
129
129
129
129
129
129
129
129
129
129
129
129
129
129
129
129
129
129
129
129
129
129
129
129
129
129
129
129
129
129
129
129
129
129
129
129
129
129
129
129
129
129
129
129
129
129
127
125
125
126
124
124
104
104
123
122
122
122
121
120
120
120
120
120
119
118
118
118
118
118
117
107
107
103
103
103
101
101
101
101
101
101
101
101
101
101
101
101
101
101
100
100
99
99
99
98
98
98
98
98
98
96
96
96
96
96
96
96
96
96
96
96
96
96
96
96
96
96
96
96
96
96
96
96
96
96
96
96
96
96
96
96
96
96
96
96
96
96
96
96
96
96
96
96
96
96
96
96
96
96
96
96
96
96
96
96
96
94
94
94
94
94
94
94
93
93
92
91
91
89
89
89
89
89
88
88
88
88
88
88
88
88
88
88
88
88
88
88
88
88
87
87
87
86
86
86
86
86
86
86
86
85
85
85
85
85
85
84
84
84
84
84
84
80
80
80
80
80
80
80
80
80
80
80
80
80
80
79
79
79
78
78
78
78
78
78
78
78
78
78
78
78
78
78
78
78
78
78
78
78
78
78
78
78
78
78
78
78
78
78
78
78
78
78
78
78
78
78
78
78
78
78
78
78
78
78
78
78
78
77
77
77
77
77
77
76
75
75
75
75
75
74
74
74
74
74
74
73
73
73
72
72
72
72
72
72
72
72
72
71
71
71
71
71
69
69
69
69
69
69
69
69
69
69
69
69
69
69
69
69
69
70
70
70
70
67
67
67
67
67
67
67
67
67
67
67
67
67
67
67
67
67
67
67
67
67
67
67
67
67
66
66
66
66
66
66
66
66
66
66
66
66
66
66
66
65
65
65
65
65
65
65
63
63
64
64
64
64
61
61
61
61
61
61
61
61
61
61
62
62
60
60
60
60
60
60
60
60
60
60
60
60
60
60
60
60
60
60
60
60
60
60
60
60
60
60
60
60
60
60
60
60
60
60
60
60
60
60
60
60
60
60
60
60
60
60
60
60
60
60
60
60
60
60
60
60
60
60
60
60
60
60
60
60
60
60
60
60
60
60
60
60
60
60
60
59
59
59
58
56
56
56
56
55
55
54
54
53
53
53
53
53
53
53
53
53
53
52
52
52
49
49
49
49
49
49
49
49
49
49
49
49
48
48
48
48
47
47
46
46
46
46
45
45
45
45
44
44
44
44
43
43
43
43
43
43
43
43
42
42
42
42
42
40
39
39
39
39
39
39
39
38
38
38
38
37
37
37
35
35
35
35
35
35
31
31
34
34
33
33
33
33
33
33
30
30
29
29
29
29
29
28
28
26
26
26
26
27
25
25
24
24
21
23
23
23
22
22
20
20
16
16
14
13
12
12
12
12
12
12
12
12
12
12
12
12
12
12
12
12
12
11
11
11
11
10
10
9
9
9
9
9
9
9
9
9
9
9
9
9
9
9
9
9
9
9
9
9
9
9
9
9
9
4
1
1
1
1
1
1
1
1
1
1
1
1
1
1
1
1
1
1
1
1
1
1
1
1
1
1
1
1
1
1
1
1
1
1
1
1
1
1
1
1
1
1
1
1
1
1
1
1
1
1
1
1
1
1
1
1
1
1
1
1
1
