18337
18337
18264
18264
18264
18264
18264
18264
18264
18264
18264
18264
16973
18285
23314
23314
23314
23314
16091
16091
16091
18281
18281
18281
18281
1804
1804
1804
11779
18262
18214
18214
18214
18151
18151
18151
18151
18151
18151
18151
18206
18206
18206
18206
18192
18192
18192
18192
18192
18192
18192
18192
18192
18192
18187
18170
18175
18175
18175
18175
18175
18175
18164
17332
17332
17332
17332
17863
17998
17998
18130
16477
16477
18095
18095
18095
18095
18095
18095
18095
18095
18095
18095
18095
18095
18095
18095
18095
18095
18095
18095
18089
18089
18089
18089
18089
18089
18089
18089
18089
18089
18089
18089
18089
18089
18089
18089
18089
18089
18089
18089
18089
18089
18089
18089
18089
18089
18089
18089
18089
18089
18089
18089
17539
17539
18004
18004
18004
18004
18004
18004
18077
18077
18014
17993
17993
17997
17997
17997
17997
17991
17991
17991
17991
17984
17962
17962
17962
17962
17962
17962
17962
17973
17782
17952
17952
17952
17952
17848
17848
17848
17939
17939
17939
17939
17915
17915
17916
17913
17919
23212
23212
23212
23212
23212
23212
17893
17893
17884
17884
17884
17875
17875
17875
17875
17875
17875
17875
17875
17875
17874
17874
17874
17874
17874
17874
17874
17874
17874
17874
17874
17874
17874
17874
17874
17874
17874
17861
17861
17805
17805
17805
17805
17805
17876
17871
17871
17871
17871
17864
17864
17864
17864
17860
17860
17860
17860
17860
17860
17852
17852
17847
17847
17847
17847
17837
17834
17834
17834
17825
17825
17825
17827
17832
17832
17832
17832
17832
17778
17778
17785
17785
17785
17797
17797
17797
17797
17797
17807
17807
17774
17779
17779
17779
17779
17779
17779
17779
17779
17776
17662
17662
17761
17761
17761
17761
17761
17761
17761
17761
17488
17488
17488
17742
17661
17661
17663
17663
17515
17515
17515
17515
17515
17515
17515
17515
17515
17515
17690
17690
17690
17690
17690
17690
17690
17690
17646
17646
17646
17646
17646
17646
17691
17691
17692
17635
17635
17635
17635
17635
17635
17660
17660
17648
23314
23314
23314
23314
23314
23314
17497
17497
17612
17611
17611
17614
17616
17616
17616
17616
17616
16449
16449
16449
17601
17601
17600
17600
23310
17531
17531
17590
17596
17587
17587
17587
17049
17049
17049
17049
17049
17277
17277
17538
17538
17538
17538
17510
17510
17510
17510
17499
17499
17499
17499
17499
17499
17499
17557
17557
17557
17557
17557
17557
17557
17504
17504
17504
17504
17504
17504
17504
17504
17504
17514
17514
17514
17514
17514
17514
17514
17514
17514
17514
17514
17507
17507
17507
17507
17524
17524
17524
17524
17524
17524
17524
17524
17519
17491
17491
17491
17491
17491
17491
17491
17491
17491
17491
17491
17491
17491
17491
17491
17491
17491
17491
17491
17491
17491
17491
17491
17491
17491
17491
17491
17491
17491
17491
17491
17491
17491
17491
17491
17491
17491
17491
17491
17491
17491
17491
17491
17496
17505
17505
23170
17390
17390
17390
17480
16627
16627
16627
16627
17020
17020
17444
17444
17473
17471
17462
17459
17459
17459
17459
17459
17413
17413
17413
17413
17413
17413
17413
17413
17448
17375
17375
17375
17375
17443
17443
17389
17389
17411
17356
17356
17356
17356
17418
17418
17418
17418
17418
17418
17418
17418
17418
17418
17418
17418
17418
17418
17418
17418
17418
17418
17418
17278
17278
17278
17278
17278
17278
17278
17278
16447
17271
17107
17107
17107
17107
17286
17286
17286
17286
17287
17287
17287
17289
17322
17322
17322
17336
17336
17355
17330
17330
17330
17330
17330
17358
17357
17290
17290
17290
17290
17290
17323
17323
17301
17301
17199
17199
17272
17272
17272
17272
17100
17100
17100
17068
16535
16535
16535
16535
16485
16485
16485
16485
16814
16814
16814
16814
17066
17066
17132
17064
17064
17064
17064
17064
17064
17129
17022
17022
17022
17091
17091
17091
17091
17091
17091
17091
17091
17091
17091
17091
17069
17106
17106
17106
17106
17106
16717
16717
16717
16717
16717
16972
16972
17034
16544
16544
16544
16544
16544
16544
16544
16544
16987
17044
17044
16671
16671
17040
17040
17010
17010
17010
17010
17010
17010
17010
17004
17012
17005
17002
16850
16850
16850
16850
16947
16947
16986
16892
16892
16892
16889
16889
16889
16971
16971
16974
16984
16611
16611
16611
16611
16941
16948
16948
16948
16930
16930
16930
16930
16930
16539
16539
16755
16755
16755
16745
16389
16389
16740
16740
16740
16815
16831
16831
16701
16885
16875
16875
16756
16756
854
854
854
16730
16730
16730
16758
16739
16703
16703
16703
16703
16703
16738
16737
16702
16702
16702
16733
16733
16733
16733
16733
16732
16732
16732
16732
16732
16732
16732
16732
16700
16699
16688
16688
15988
15988
15988
15988
15988
15988
15988
15988
15988
15988
15988
15988
15988
15988
15988
15988
15988
15988
15988
15988
15988
15988
15988
15988
15988
16480
16480
16480
16604
16604
16678
16684
16685
16248
16248
16248
16248
16248
16248
16248
16632
16632
16632
16632
16632
16632
16632
16658
16629
16629
16629
16629
16629
16629
16629
16629
16629
16629
16221
16221
16221
16221
16221
16474
16618
16620
16620
16584
16584
16584
16584
16613
16616
16507
16513
16513
16597
16597
16597
16597
16182
16278
16278
16278
15965
15965
15965
16467
16467
16080
16080
16080
16080
16575
16575
16575
16454
16454
16454
16454
16515
16494
16478
16478
16476
16446
16446
16446
16342
16342
16342
16342
16342
16342
16342
16342
16342
16342
16406
16419
16410
16410
16410
16410
16410
16410
16087
16087
16039
16039
16039
16039
16084
16084
16084
16262
16262
16332
16332
16266
16266
16299
16299
16299
16341
16276
16276
16276
16276
16276
16276
16276
16276
16276
16276
16320
16320
16320
16320
16320
16320
16320
16320
16320
16319
16319
16319
16319
16319
16319
16319
16319
16319
16319
16319
16319
16319
16319
16319
16319
16319
16319
16319
16318
16318
16318
16318
16318
16318
16318
16318
16318
16318
16317
16317
16317
16317
16317
16317
16317
16317
16317
16317
16317
16317
16317
16317
16317
16317
16317
16317
16317
16317
16317
16316
16316
16316
16316
16316
16316
16316
16316
16316
16316
16316
16316
16316
16316
16316
16316
16316
16316
16316
16316
16316
16316
16316
16316
16316
16316
16316
16316
16316
16316
16316
16316
16316
16316
16316
16316
16316
16316
16316
16316
16316
16316
16316
16316
16316
16316
16316
16316
16316
16325
16298
16298
16294
16265
16265
16265
16265
16265
15982
15982
16250
16099
16104
16219
16219
16219
16219
16219
16219
16219
16219
16219
16219
16108
16108
16225
16115
16165
16165
16170
16193
16053
16053
16053
16053
16094
16083
16083
16070
16066
16066
16066
16066
16066
16066
16066
16066
16066
16066
16066
16046
16046
16027
16059
16015
16015
16015
16015
15978
15978
16047
16047
16047
16047
16018
16018
16013
16013
16013
16013
16013
16013
16013
16013
16013
16013
16013
16013
16013
16013
16013
16013
16013
16013
16013
16013
16013
16013
16013
16013
16013
16013
16013
16013
16013
16013
16013
16013
16013
16013
16013
16013
16013
16013
16013
16013
16013
16013
16037
16037
16004
16004
15987
15987
15987
15987
15987
15984
15951
15951
15951
15951
15951
15951
15951
15951
15951
15951
15954
15954
15954
15950
15950
15950
15950
15637
15637
15637
14823
14823
14823
14823
15775
15775
15775
15775
15775
15775
15775
15325
15325
15325
7630
7630
7630
15842
15842
15842
15841
15841
15638
15638
15638
15692
15692
15799
15799
15799
15799
15822
15822
15885
15889
15889
15876
15876
15876
15876
15876
15876
15876
15791
15791
15791
15823
15837
15837
15837
15837
15837
15837
15837
15837
15837
15837
15837
15837
15873
15873
15873
15873
15873
15871
15853
15754
15798
15798
15798
15798
15798
15798
15778
15782
15779
15793
15793
15793
15793
15793
15793
15793
15793
15748
15748
15784
15709
15709
15709
15709
15709
15709
15709
15709
15709
15752
15733
15694
15694
15694
15694
15694
15694
15695
15695
15695
15695
15695
15695
15695
15695
15695
15695
15589
15589
15589
15589
15589
15589
15589
15589
15589
15589
15589
15589
15666
15647
15642
15603
15472
15472
15472
15472
15496
15496
15496
15595
15586
15565
15565
15569
15583
15585
15582
15582
15582
15582
15582
15575
15394
15394
15394
15394
15563
15563
15559
15559
15559
15559
15554
15554
15554
15554
15550
15550
15543
15543
15429
15429
15429
15429
15429
15429
15429
15536
15473
15438
15438
15438
15438
15438
15438
15438
15438
15438
15438
15438
15438
15438
15438
15438
15438
15438
15438
15438
15492
15492
15492
15492
15465
15465
15482
15482
15482
15482
15482
15482
15482
15482
15482
15482
15482
15422
15427
15427
15427
15424
15424
15424
15424
15424
15424
15424
15424
15401
15401
15401
15401
15401
15401
15401
15401
15401
15401
15401
15401
15401
15386
15130
15055
15055
15086
15086
15145
15145
15145
15212
15212
15054
15054
15054
15054
15297
15215
15215
15215
15215
15181
15142
15142
15089
15089
15089
15089
15089
15089
15089
15089
15089
15089
15089
15136
15136
14985
15312
15312
15312
15312
15312
15312
15312
15312
15312
15312
15312
15312
15312
15312
15312
15312
15312
15312
15312
15312
15312
15312
15312
15312
15312
15312
15312
15312
15312
15312
15143
15143
15163
15163
15206
15206
15206
15206
15206
15097
15182
15182
15153
15153
15134
15134
15134
15134
15134
15134
15134
15125
15125
15124
15113
15103
15103
15103
15103
15103
15084
15084
15033
15049
14886
14886
14886
14886
14886
14886
14886
14886
14886
14886
14886
14886
14807
14807
14934
14934
14975
14975
14975
14975
14975
14975
14975
14975
14975
14975
14907
14907
14986
14986
14986
14986
14986
14986
14972
14971
14971
14971
14971
14971
14967
14967
14967
14933
14933
14933
14949
14954
14954
14954
14954
14969
14947
14937
14937
14937
14937
14915
14915
14910
14912
14912
14916
14916
14916
14916
14884
14884
14884
14884
14884
14884
14884
14884
14836
14843
14843
14843
14830
14830
14830
14830
14844
14845
14822
14816
14816
14657
14657
14744
14744
14774
14774
14139
14139
14139
14139
14139
14139
14139
14497
14497
14783
14783
14783
14783
14770
10771
10771
10771
14460
14707
14707
14707
14353
14353
14353
14353
14353
12482
12482
12482
13926
13926
13926
13926
13926
13926
13926
14585
14585
14585
14585
14585
14585
14585
14585
14585
14684
14684
14684
13377
13377
13377
14680
14583
14583
14583
14583
14519
14681
14681
14681
14667
14667
14667
14667
14667
14667
14667
14661
14661
14568
14568
14568
14621
14621
14621
14621
14621
14621
14621
14621
14621
14621
14621
14621
14621
13714
14637
14593
14597
14597
14597
14597
14597
14592
14565
14565
14579
14582
14582
14569
14549
14549
14549
14549
14549
14549
14549
14549
14549
14549
14549
14549
14549
14549
14549
14549
14549
14549
14549
14549
14549
14549
14549
14513
14513
14521
14521
14517
14517
14517
14517
14517
14517
14517
14517
14512
14501
14449
14449
14449
14449
14449
14449
14449
14486
14486
14486
14486
14486
14486
14420
14420
14471
14471
14483
14483
14483
14483
14483
14483
14483
14483
14478
14478
14478
14400
14399
14399
14339
14252
14252
14252
14318
14318
14318
14318
14318
14298
14305
14305
14297
14234
14234
14234
14234
14234
14234
14234
14234
14293
14293
14293
14293
14291
14291
14251
14251
14285
14285
14285
14285
14285
14285
14285
14285
14271
14271
14271
14271
14271
14173
14173
14173
14173
14173
14173
14173
14173
14173
14224
14221
14221
14215
14215
14215
14176
14176
14176
14176
14199
14199
14213
13795
13795
13795
13727
13727
13727
14212
14212
14212
14212
14212
14202
14202
14202
14190
14190
14190
14190
13865
13865
13865
14156
14156
14184
14184
14184
14172
14172
14172
14172
14172
14172
14172
14172
14172
14172
14172
14172
14172
14172
14172
14021
14021
14021
14021
14021
14021
13837
13837
13837
13837
13837
13837
13837
13837
13837
13837
14153
14149
14149
14149
14149
14149
14149
14149
14149
14149
14149
14149
14149
14149
14149
14149
14152
14125
14125
14125
14125
14125
14125
14125
14125
14125
14130
14124
14124
14124
14124
14052
14052
14052
14052
14052
14052
14052
14052
14052
14052
14052
14052
14052
14052
14052
14052
14052
14052
14052
14052
14052
14052
14052
14052
14052
14052
14052
14052
14052
14052
14052
14052
14052
14056
13498
13498
13498
13498
14067
14067
14072
14072
14072
14072
14049
14049
14049
14049
14049
14049
14049
14049
14049
14049
14049
14049
14065
5510
14032
14032
14043
14019
14019
14025
14024
14023
14023
14023
14001
14015
13990
13990
13990
13990
13990
13990
13988
13991
13989
12451
12451
12451
12451
12451
12451
13966
13966
13966
13963
13963
13963
13963
13963
13963
13961
13961
13961
13961
13961
13961
13961
13961
13930
13930
13930
13937
13941
13943
13952
13952
13952
13952
13923
13919
13904
13904
13904
13904
13904
13904
13908
13873
13864
13864
13864
13864
13864
13864
13870
13870
13614
13614
13614
13872
13871
13813
13813
13819
13819
13819
13819
13818
13817
13817
13817
13817
13775
13797
13790
13790
13790
13790
13790
13790
13790
13790
13790
13792
13779
13779
13779
13582
13582
13582
13778
13776
13776
13776
13776
13776
13776
13776
13776
13776
13774
13625
13625
13625
13706
13762
13762
13757
13755
13545
13545
13724
13724
13724
13724
13724
13724
13710
13707
13728
13619
13619
13616
13616
13616
13616
13616
13583
13583
13567
13567
13623
13572
13559
13559
12859
12859
13534
13534
13534
13512
13517
13507
13507
13507
13487
13484
13484
13473
13453
13453
13453
13453
13446
13447
13344
13344
13344
13378
13378
13364
13364
13364
13364
13355
13355
13214
13214
13214
13358
13358
13331
13331
13338
13338
12707
12707
12707
12707
12707
12707
12707
12707
12707
12707
12707
12707
12707
13345
13343
13343
13324
13320
13320
13320
13320
13320
13302
13088
13088
13288
13286
13286
13284
13280
13243
13243
13243
13243
13243
13243
13243
13243
13243
13243
13243
13243
13243
13243
13274
13274
13274
13274
13139
13139
13139
13139
13208
13208
13208
13197
13192
13192
13192
13192
13175
13175
13175
13175
13175
13175
13175
13174
13171
11061
11061
11061
12071
12071
12209
12209
12209
13159
13159
13159
13148
13148
13036
13143
13143
13143
13136
13136
13136
13136
13136
13136
13136
13144
13144
13144
13144
13144
11948
11948
12958
12958
13130
13130
13130
13130
13130
13130
13130
13130
13117
13117
13078
13084
13085
13031
13031
13007
13007
13007
13022
13019
12989
12989
12989
12989
12999
12999
12216
12216
12216
12216
12216
12216
12216
12216
12216
12216
12216
12981
12981
12981
12981
12981
12331
12331
12331
12331
12331
12331
12331
12331
12800
12800
12800
12800
12800
12800
12800
10741
10741
10741
12926
12926
12784
12922
12922
12922
12922
12894
12550
12550
12550
12550
12550
12866
12866
12812
12812
12812
12812
12812
12812
12812
12812
12812
12812
12812
12812
12812
12655
12655
12655
12669
12669
12669
12680
12680
12767
12626
12626
12626
12626
12626
12626
12626
12626
12626
12626
12626
12626
12626
12626
12626
12626
12626
12626
12626
12626
12626
12626
12626
12626
12626
12626
12626
12626
12626
12732
12732
12762
12762
12762
12762
12715
12715
12683
12683
12683
12683
12683
12683
12725
12725
12725
12725
12725
12725
12725
12725
12725
12725
12590
12590
12590
12590
12641
12641
12629
12535
12630
12630
12630
12630
12630
12630
12630
12630
12630
12630
12630
12630
12630
12630
12630
12630
12630
12630
12604
12604
12604
12604
12604
12604
12604
12604
12604
12604
12604
12604
12604
12604
12604
12604
12604
12604
12604
12604
12604
12604
12604
12604
12604
12604
12604
12584
12584
12584
12584
12584
12556
12556
12591
12554
12555
12555
12553
12528
12528
12528
12528
12528
12528
12528
12528
12528
12528
12528
12528
12528
12527
12495
12492
12472
12459
12459
12477
12475
12475
12475
12475
12475
12475
12475
12475
12475
12475
12475
12475
12475
12475
12428
12428
12428
12428
12428
12428
12428
12428
12468
12468
12468
12454
12454
12448
12453
12452
12450
12422
12432
12432
12432
12432
12432
12432
12432
12432
12432
12432
12432
12432
12425
12425
12411
12419
12405
12350
12350
12324
12337
12326
12326
12326
12326
12326
12326
12295
12304
12287
12287
12287
12284
11991
11991
11991
11991
11991
11991
12269
12269
12269
12269
12236
12236
12236
12236
12236
12236
12236
12236
12236
12236
12236
12236
12236
12120
12120
12203
12203
12215
12211
12211
12211
12211
12211
12211
12211
12211
12211
12211
12211
12202
12202
12205
12205
12205
12205
12205
12205
12205
12205
12205
12182
12182
12182
12182
12170
12170
12170
12170
12170
12170
12170
12170
12170
12170
12170
12156
12156
12156
12156
12156
12156
12156
12156
12156
12135
12129
12129
12129
12127
12127
12127
12083
12083
12083
12083
12083
12083
12083
12083
12083
12083
12083
12083
12083
12117
12117
12117
12117
12117
12117
12117
12117
12117
12117
12117
12117
12117
12126
12126
12126
12124
12124
12121
12121
12121
12121
12121
12121
12121
12121
12121
12121
12066
12066
12106
12106
12106
12106
12068
12068
12068
12068
12068
12029
12032
12032
12030
12030
11909
11909
12022
12022
12017
12017
12017
12017
12017
12017
12017
12017
12017
12017
12017
12017
11997
11997
11997
11997
11997
11997
11997
11997
12019
12019
12019
12019
12019
12019
12019
12019
12011
12011
12011
12011
12011
12011
12011
12004
12004
12004
12004
12004
12004
12004
11953
11953
11953
11953
11981
11967
11967
11597
11597
11597
11597
11597
11515
11515
11515
11515
11515
11515
11515
11947
11910
11922
11922
11886
11886
11886
11886
11886
11918
11918
11918
11918
11918
11918
11918
11918
11918
11918
11918
11918
11918
11918
11918
11121
11121
11764
11764
11764
11889
11889
11466
11487
11487
11487
11812
11812
11812
11812
11812
11812
11812
11812
11812
11812
11812
11812
11812
11812
11812
11812
11812
11812
11812
11812
11812
11812
11812
11812
11812
11812
11812
11812
11812
11812
11812
11812
11812
11874
11871
11871
11871
11871
11871
11871
11852
11852
11839
11839
11839
11839
11839
11839
11839
11790
11790
11790
11790
11811
11811
11811
11811
11811
11811
11811
11811
11811
11818
11818
11818
11818
11817
11817
11817
11817
11817
11817
11817
11817
11817
11817
11817
11817
11817
11817
11817
11817
11809
11809
11805
11805
11805
11805
11805
11805
11805
11805
11805
11805
11805
11348
11348
11792
11792
11792
11792
11792
11792
11792
11792
11792
11792
11792
11792
11784
11751
11751
11751
11751
11751
11772
11772
11772
11789
11773
11773
11773
11773
11783
11783
11783
11785
11785
11759
11759
11744
11744
11744
11680
11680
11680
11680
11680
11680
11680
11680
11680
11680
11680
11680
11680
11680
11680
11680
11680
11680
11680
11720
11720
11720
11720
11720
11720
11720
11720
11720
11720
11720
11720
11720
11720
11743
11743
11743
11743
11743
11724
11674
11692
11692
11681
11681
11681
11681
11681
11681
11681
11681
11681
11681
11681
11681
11681
11681
11681
11681
11681
11681
11681
11681
11681
11681
11690
11690
11665
11665
11665
11665
11665
11665
11665
11665
10887
10887
10887
10887
10887
10887
10887
10887
11621
11655
11655
11624
11624
11624
11624
11648
11630
11630
11630
11630
11630
11630
11630
11630
11630
11630
11630
11622
11606
11606
11606
11606
11606
11598
11598
11598
11598
11598
11598
11598
11598
11598
11598
11598
11598
11598
11598
11598
11598
11598
11598
11598
11598
11598
11598
11591
11591
11587
10969
10969
10969
10969
11534
11534
11534
11534
11534
11534
11534
11534
11534
11536
11536
11536
11536
11536
11536
11536
11536
11498
11498
11498
11498
11486
11502
11502
11502
11492
11492
11510
11510
11510
11510
11510
11510
11510
11510
11510
11510
11510
11510
11510
11510
11510
11510
11510
11460
11450
11450
11450
11450
11448
11448
11448
11448
11448
11448
11448
11443
11403
11403
11403
11376
11376
11401
11401
11439
11439
11439
11431
11431
11431
11431
11431
11431
11436
11436
11436
11436
11436
11436
11418
11418
11418
11418
11418
11418
11418
11418
11418
11418
11418
11418
11396
11362
11362
11400
11400
11400
11373
11373
11373
11373
11373
11364
11364
11364
11364
11372
11372
11372
11372
11372
11372
11372
11368
11394
11394
11394
11394
11394
11388
6863
6863
6863
11159
11159
11159
11159
11327
11327
11327
11327
11330
11330
10672
10672
11319
11319
11321
11316
11316
10978
10978
10978
11320
11320
11237
11237
11237
11313
11303
11303
11303
11303
11303
11303
11303
11294
11294
11294
11294
11294
11294
11294
11294
11294
11294
11294
11294
11294
11294
11294
11294
11294
11294
11294
11294
11294
11294
11294
11294
11294
11294
11294
11294
11294
11294
11294
11294
11294
11294
11294
11294
11294
11294
11294
11294
11294
11294
11294
11294
11294
11294
11294
11294
11232
11233
11233
11240
11240
11240
11240
11240
11240
11240
11240
11240
11242
11242
11242
11242
11242
11242
11242
11242
11242
11242
11202
11202
11202
11206
11206
11206
11206
11206
11206
11190
11190
11190
11189
11090
11090
11090
11090
11193
11193
11193
11193
11193
11193
11193
11193
11071
11071
11071
11071
11117
11117
11117
11117
11117
11117
11117
11117
11117
11117
11117
11117
11117
11117
11117
11117
11117
11117
11171
11171
11156
11156
11151
11151
11162
11162
11162
11162
11161
11158
11143
11143
11143
11143
11143
11143
11143
11142
11142
11142
11139
11139
11138
11135
11135
11135
11135
11135
11135
11135
11135
11135
11135
11135
11126
11126
11126
11126
11126
11126
11126
11126
10706
10706
11091
11055
11055
11055
11111
11111
10545
10545
10545
10870
10870
10870
10870
10870
10870
10870
10870
10870
10870
10870
10870
10870
10870
10870
10870
10870
10870
10870
10870
10870
10870
10870
10870
10870
10870
10870
10870
10870
10870
10870
10870
10870
10870
10870
10870
10870
10870
10870
10870
10870
10870
10870
10870
10870
10870
10870
10870
10870
10870
10870
10870
10870
10870
10870
10870
11063
11063
11084
11084
11084
10387
10387
11076
11076
11076
11075
11075
11075
11073
11073
11073
11073
11068
11068
11068
11068
11068
11068
11068
11068
11068
11068
11068
11068
11068
11068
11068
11068
11068
11068
11068
11068
11068
11068
11068
11068
11068
11068
11068
11068
11068
11054
11050
11050
11050
11050
11050
11050
11050
10869
10869
10869
10869
10948
10948
10948
10948
10948
10948
10948
10948
10948
10948
10948
10948
10948
10948
10948
10948
10948
10948
11036
11036
11036
11036
11036
11036
11036
11036
10812
10812
10812
10812
10812
10812
10812
10812
10812
10548
10548
10548
10548
10548
10548
10548
10548
10548
10548
10548
10548
10548
10548
10548
10548
10548
10548
10548
10548
10548
10548
10548
10548
10548
10548
10548
10548
10548
10548
10548
10548
10548
10548
10548
10548
10548
10548
10548
10548
10548
10548
10548
10548
10548
10548
10548
10548
10548
10548
10548
10548
10548
10548
10548
10641
10641
10944
10944
10944
10972
10972
10972
10972
10972
10972
10972
10972
10972
10972
10972
10972
10972
10972
10972
10972
10972
10972
10972
10972
10972
10972
10972
10972
10972
10972
10972
10972
10972
10972
10959
10941
10544
10544
10544
10544
10921
10921
10921
10921
10921
10921
10921
10921
10921
10906
10906
10906
10906
10906
10906
10906
10906
10906
10906
10906
10906
10906
10906
10906
10906
10906
10906
10906
10906
10906
10906
10906
10906
10906
10906
10906
10906
10906
10906
10906
10906
10906
10906
10906
10906
10906
10740
8516
8516
8516
8516
6352
6352
6352
10807
10807
10858
10858
10858
10858
10858
10858
10858
10858
10858
10858
10858
10858
10858
10858
10858
10858
10858
10858
10818
10818
10818
10818
10818
10818
10848
10822
10822
10811
10811
10805
10805
10805
10805
10805
10806
10810
10612
10494
10494
10494
10494
10494
10494
10494
10494
10494
10494
10494
10494
10494
10494
10494
10494
10494
10494
10494
10494
10494
10494
10494
10494
10494
10494
10494
10494
10494
10494
10494
10494
10494
10494
10494
10494
10494
10494
10494
10494
10494
10494
10494
10494
10494
10494
10494
10494
10494
10494
10494
10494
10494
10494
10494
10494
10494
10494
10494
10494
10494
10700
10700
10700
10700
10700
10670
10658
10658
10658
10658
10658
10658
10658
10658
10658
10658
10658
10658
10658
10658
10658
10658
10658
10658
10658
10658
10658
10636
10636
10636
10636
10636
10636
10636
10636
10636
10636
10636
10636
10636
10636
10636
9737
9737
9737
9737
9737
9737
9737
9737
9737
9737
10588
10588
10590
10535
10535
10512
10512
10565
10565
10519
10519
10519
10519
10519
10519
10519
10519
10519
10519
10519
10519
10519
10495
10380
10380
10380
10380
10457
10457
10457
10457
10457
10457
10457
10457
10457
10457
10457
10466
10466
10466
10468
10469
10469
10469
10469
10469
10467
10467
10467
10444
10444
10451
10451
10451
10451
10451
10451
10451
10451
10451
10451
10451
10451
10451
10447
9590
9590
8988
10422
10422
10422
10422
10422
10422
10422
10422
10422
10422
10422
10422
10422
10422
10422
10422
10422
10422
10422
10422
10422
10422
10422
10422
9635
9635
9635
10309
10309
10309
10309
9643
9643
9643
9643
9643
9643
9643
9643
9643
9643
9552
9552
9552
9552
10412
10377
10377
9648
9648
9648
9648
9648
9648
9648
9648
9648
9648
9648
9648
9648
9648
9648
8342
8342
8342
8342
8342
8342
8342
8342
8342
8342
8342
9839
9839
10350
10350
10350
10350
10351
10351
10351
10278
10278
9916
9916
10318
10251
10251
10251
10308
10308
10308
10308
10322
10322
10322
10322
10282
10282
10282
10282
10282
10282
10282
10282
10282
10282
10282
10228
10130
10168
10168
10168
10168
10168
10168
10168
10168
10168
10168
10153
10153
10109
10109
10109
10109
10109
10109
10109
10109
10109
10109
10109
10084
10084
10084
10084
10101
10101
10101
10101
10101
10101
10101
10101
10101
10101
10101
10101
10101
10101
10101
10101
10101
10101
10101
10101
10101
10081
10080
10077
10077
10077
10077
10077
10077
10054
10054
10054
10054
10054
10053
9752
9752
9752
9752
9752
9752
9752
9752
9752
9752
9752
9752
9752
9752
9752
9752
9752
9752
9752
9752
9752
9752
9752
9752
9752
9752
9752
9752
9752
9752
9752
9752
9752
9752
9752
10032
10032
10032
10032
10032
10032
10032
10032
10032
10032
10033
10004
10000
9940
9914
9914
9944
9938
9938
9641
9912
9893
9893
9862
9862
9725
9678
9855
9855
9855
380
380
9758
9758
9781
9781
9781
9781
9781
9781
9781
9781
9781
9781
9781
9781
9781
9781
9781
9781
9781
9781
9781
9781
9781
9781
9781
9781
9781
9781
9781
9781
9781
9781
9781
9781
9781
9781
9781
9781
9781
9781
9781
9781
9781
9781
9781
9781
9781
9781
9781
9781
9781
9781
9781
9781
9781
9781
9781
9781
9781
9781
9781
9781
9781
9781
9781
9781
9781
9781
9781
9781
9781
9781
9781
9781
9781
9781
9781
9781
9781
9781
9781
9781
9781
9781
9781
9781
9781
9781
9781
9781
9781
9781
9781
9781
9781
9781
9781
9781
9781
9781
9781
9781
9781
9781
9781
9781
9781
9781
9781
9781
9781
9781
9781
9781
9781
9781
9781
9781
9781
9781
9781
9781
9781
9781
9781
9781
9781
9781
9781
9781
9781
9781
9781
9781
9781
9781
9781
9781
9781
9781
9781
9781
9781
9781
9781
9781
9781
9781
9781
9781
9781
9781
9781
9781
9781
9781
9781
9781
9781
9781
9781
9781
9781
9781
9781
9781
9781
9781
9781
9781
9781
9781
9781
9781
9781
9781
9781
9781
9781
9781
9781
9781
9781
9781
9781
9781
9781
9781
9781
9781
9781
9781
9781
9781
9781
9781
9781
9781
9781
9781
9781
9781
9781
9781
9781
9781
9781
9781
9781
9781
9781
9781
9781
9781
9781
9781
8048
8048
8048
9669
9669
9534
9534
9724
9724
9832
9730
9730
9827
9827
9827
9827
9827
9675
9675
9598
9775
9775
9775
7672
7672
7672
9497
9734
9734
9747
9747
9738
9740
9729
9729
9729
9729
9729
9729
9729
9729
9729
9729
9628
9610
9610
9610
9610
9610
9610
9608
9557
9557
9557
9557
9597
9554
9554
9554
9554
9554
9554
9554
9554
9554
9570
9567
9567
9567
9567
9544
9544
8534
8534
9526
9526
9526
9443
9443
9224
9224
9224
9224
9224
9224
9224
9224
9224
9510
9510
9510
9510
9510
9510
9510
9487
9487
9448
9448
9448
9434
9434
9438
9438
9259
9259
9259
9411
9411
9411
8595
6013
9066
9066
9066
9066
7946
7946
7946
7960
7960
7960
9341
9341
9341
9341
9341
9343
9343
9343
9343
9343
9343
9343
9355
9355
9355
9355
9355
9355
4299
4299
4299
4299
4299
4299
4299
4299
4299
4299
9340
9340
9340
9339
9339
9339
9330
9330
9330
9330
9330
9330
9330
9330
9291
9291
9291
9291
9291
9291
9291
9291
9291
9291
8045
8045
8045
8045
8045
8045
8045
8045
8045
8045
8045
8045
8045
8045
8045
8045
8045
8045
8045
8045
8045
8045
8045
8045
8045
8045
8045
8045
8045
8045
8045
8045
8045
8045
8045
8045
8045
8045
8045
8045
8045
8045
8045
8045
8045
8045
8045
8045
8045
8045
8045
8045
8045
8045
8045
8045
8045
8045
8045
8045
8045
8045
8045
8045
8045
8045
8045
8045
8045
8045
8045
8045
8045
8045
8045
8045
8045
8045
9227
9227
9052
9052
9095
9095
9095
8919
8919
8919
9110
9151
9151
9151
9212
9145
9145
9103
9103
9103
9103
9103
9103
9103
9103
9103
9103
9103
9103
9103
9103
9055
9055
9055
9055
9055
9055
7469
7469
7469
7469
7469
7469
7469
7469
7469
7469
9049
9049
9049
9049
9049
9049
5311
5311
5311
5311
5311
5311
5311
8910
8910
8910
8910
8910
8910
9011
9011
9011
9011
9011
9011
8971
8971
8971
8971
9002
9002
8819
8819
8819
8819
8568
8568
8568
8568
8568
8568
8568
8881
8881
8881
8881
8843
8843
8924
8924
8906
8906
8536
8536
8536
8536
8536
8536
8536
8536
8536
8128
8128
8768
8768
8768
8768
8650
8650
8813
8813
8879
8185
8683
8829
8829
8818
8818
8434
8434
8434
8618
8618
8618
8618
8618
8618
8618
8618
8618
8618
8781
8781
8660
8660
8698
8698
8698
8698
8699
8718
8686
8594
8582
8621
8474
8474
8490
8490
8552
8526
8526
8526
8526
8268
8268
8268
8433
8465
8465
8465
8346
8346
8227
8227
8227
8227
8227
8252
8252
8195
8195
8195
8263
8263
8230
8230
8230
8230
8230
8230
8230
8230
8230
8230
8230
8230
8230
8230
8230
8230
8230
8230
8230
8153
8204
8198
8198
8198
8198
8198
8198
8198
8198
8198
8198
8198
8147
8148
8148
8148
8148
8148
8148
8148
8148
8148
8161
8161
7744
5344
5344
6857
6857
6857
6857
6857
6857
6857
6857
6857
6857
6857
6857
6857
6857
6857
6857
6857
6857
6857
6857
6857
6857
6857
6857
6857
6857
6857
6857
6857
6857
6857
6857
6857
6857
6857
6857
6857
6857
6857
6857
6857
6857
6857
6857
6857
6857
6857
6857
6857
6857
6857
6857
6857
6857
6857
6857
6857
6857
6857
6857
6857
6857
6857
6857
6857
6857
6857
6857
6857
6857
6857
6857
6857
6857
6857
6857
6857
6857
6857
6857
6857
6857
6857
6857
6857
6857
6857
6857
6857
6857
6857
6857
6857
6857
7495
7495
7495
7495
7495
7495
7495
7495
7495
7495
7495
8076
8076
8076
8076
8076
7600
7600
7600
7600
7600
7600
7600
7600
7600
7600
7600
8039
7990
7990
7902
8002
7973
7973
8001
8004
8004
8004
8004
8004
8004
7905
7905
7905
7905
7995
4902
4902
7914
7914
7907
7907
7733
7733
7733
7733
7733
7733
7733
7733
7733
7733
7733
7733
7733
7733
7733
7733
7733
7733
7733
7733
7854
7854
7854
7854
7854
7854
7854
7854
7854
7854
7851
7796
7796
7796
7796
7796
7796
6579
6579
6579
6579
6579
6579
6579
6579
6579
6579
6579
6579
6579
6579
6579
6579
6579
6579
6579
6579
6579
6579
6579
6579
6579
6579
6579
6579
6579
6579
6579
6579
7793
6223
7786
7786
7741
6900
6900
6900
6900
6613
6613
6613
6613
7718
7718
7718
7718
7718
7718
7722
7722
7722
7722
7722
7722
7722
7723
7723
7723
7714
7714
7714
7714
7714
7714
7714
7714
7714
7395
7395
7395
7544
7544
7634
7634
7655
7655
7655
7655
7672
7672
7672
7561
7561
7561
7561
7561
7561
7561
7561
7561
7561
7561
7561
7561
7561
7561
7561
7561
7561
7561
7561
7171
4941
7105
7105
7105
7105
7105
7639
7639
6852
6852
6852
6852
7219
7219
7219
7560
7560
7560
7560
7555
7632
7552
7552
7552
7552
7552
7551
7551
7551
7539
7539
7538
7541
7523
7523
7526
7530
7530
7530
7530
7530
7530
7530
7530
7530
7530
7530
7530
7527
7527
7491
7491
7491
7491
7510
7510
7263
7263
7263
7263
7263
7263
7263
7263
7263
7263
7263
7263
7263
7263
7263
7263
7263
7271
7271
7175
7175
7462
7457
7457
7457
7457
7457
7425
7425
7425
6782
7407
7407
7234
6961
6961
6961
6961
6961
6961
6961
7336
7336
7336
7373
7373
7373
7393
7403
7403
7403
7403
7403
7403
7403
7403
7164
7164
7390
7323
7306
7334
7326
7326
7326
7326
7326
7326
7326
7326
7326
7326
7326
7299
7299
7322
7066
7066
7217
7217
7253
7253
7215
7225
7225
7225
7086
7086
7086
7086
7086
7086
7086
7086
7086
7086
7086
7086
7086
7086
7086
7086
7086
7086
7086
7086
7086
7086
7086
7193
7193
6966
6966
6966
6666
6666
6666
6645
6645
6645
6645
6645
6571
6571
6543
6543
6543
6543
6543
6543
7120
7120
7004
7004
7004
7004
7111
6367
6367
6367
6367
7089
7089
7089
7081
7081
7081
7081
7081
7081
7081
7081
7081
7030
7030
7030
7030
7030
6979
7025
7002
7002
6921
6921
6921
6919
6919
6919
6919
6882
6882
6872
6872
6872
6872
6872
6872
6872
6872
6651
6651
6649
6649
6851
6851
419
419
419
6776
6776
6776
6842
6817
6817
6817
6817
6817
6817
6817
6817
6817
6815
6759
6759
6746
6746
6728
6728
6728
6728
6728
6728
6706
6706
6683
6683
6671
6671
6671
6671
6671
6671
6539
6539
6588
6540
6540
6604
6604
6604
6600
6534
6487
6487
6487
6487
6487
6487
6487
6487
6487
6482
6449
6449
6449
6449
6449
6449
6449
6449
6449
6449
6437
6311
6311
6311
6410
6059
6059
6379
6379
6379
6374
6374
6374
6374
6374
6374
6374
6374
6374
6374
6323
6241
5879
5879
5879
5879
5879
5879
5879
5879
5854
5854
5854
5854
5854
6244
6244
6244
6244
6244
5855
5855
5855
5855
5855
5855
5855
6072
6018
6018
6018
6176
6176
6203
6057
6057
6057
6057
6234
6234
6234
6234
6202
6188
6188
6184
6184
5939
5939
6071
6071
6071
6071
6071
6071
6071
5290
5290
5290
5290
5290
5290
5290
6155
6155
6155
6155
6155
6155
6118
6125
6066
6114
6114
6114
6114
6114
6114
6114
6114
6114
6114
6056
6056
6046
6046
6046
6046
6046
6046
6046
5074
5074
5074
5074
6007
6007
5972
5972
5972
5972
5972
5972
5975
5975
5507
5507
5931
5936
5936
5936
5936
5936
5936
5878
5925
5925
5867
5913
5913
5913
5913
5913
5913
5913
5913
5913
5913
5803
5803
5803
5884
5884
5852
5852
5843
5843
5843
5843
5843
5830
5830
5830
5830
5836
5836
5836
5836
5836
5836
5836
5836
5836
5836
5836
5836
5158
5158
5158
5158
5158
5158
5158
5158
5158
5158
5158
5158
5158
5158
5158
5158
5815
5815
5815
5815
5815
5815
5815
5815
5815
5815
5815
5815
5815
5815
5815
5815
5815
5815
5815
5815
5815
5809
4836
4836
4836
5453
5453
5798
5798
5798
5798
5747
5747
5779
5784
5784
5788
5788
5788
5788
5791
5791
5791
5773
5773
5720
5720
5720
5720
5720
5720
5720
5731
5731
5731
5727
5727
5727
5727
5727
5727
5714
5714
5714
5714
5714
5714
5714
5714
5714
5714
5714
5714
5714
5714
5714
5714
5714
5714
5714
5645
5645
5645
5645
5645
5691
5685
5685
5685
5685
5685
5685
5685
5685
5685
5685
5685
5672
5673
5667
5053
5324
5324
5661
5649
5649
5649
5636
5636
5636
5652
4953
4953
5339
5648
5648
5648
5648
5640
5641
5641
5641
5644
5644
5644
4647
4647
4647
4647
4647
4647
4647
4647
5617
5617
5617
5627
5627
5627
5627
5627
5627
5627
5627
5627
5627
5627
5552
5552
5552
5552
5552
5552
5552
5552
5552
5552
5552
5552
5552
5552
5552
5552
5552
5552
5552
5552
5552
5552
5552
5552
5552
5289
5289
5615
5614
5614
5102
5102
5102
5102
5102
5535
5535
5535
5561
5561
5444
5444
5444
5444
5444
5511
5511
5511
5511
5511
5511
5511
5511
5511
5511
5511
5546
5546
5575
5572
5572
5565
5410
5410
5532
5532
5532
5532
5532
5532
5532
5532
5532
5532
5532
5532
5532
5532
5532
5532
5532
5532
5532
5532
5532
5532
5532
5532
5532
5532
5532
5532
5532
5532
5532
5532
5532
5521
5521
5512
5498
5498
5508
5508
5508
5508
5508
5500
5458
5458
5458
5458
5458
5458
5458
5458
5458
5458
5458
5458
5458
5458
5458
5458
5458
5458
5458
5458
5458
5458
5458
5458
5458
5458
5458
5458
5458
5458
5458
5458
5458
5458
5458
5455
5455
5455
5455
5455
5455
5417
5417
5417
5372
5372
5372
5372
5372
5372
5341
5341
5341
5341
5337
5337
5337
5337
5337
5337
5337
5337
5337
5337
5337
5337
5337
5337
5337
5337
5337
5337
5337
5337
5337
5337
5337
5337
5337
5337
5337
5337
5337
5337
5337
5337
5337
5337
5337
5337
5337
5337
5337
5337
5337
5337
5337
5337
5337
5337
5337
5337
5337
5337
5337
5337
5337
5337
5337
5337
5337
5337
5337
5337
5337
5337
5337
5337
5337
5337
5337
5337
5337
5337
5337
5337
5337
5384
5384
5384
5384
5384
5384
5384
5345
5345
5328
5328
5303
5303
5303
3492
3492
3492
3492
3492
3492
3492
3492
3492
3492
3492
3492
3492
3492
3492
3492
3492
3492
3492
3492
3492
5318
5318
5318
5318
4903
4903
4903
4903
4903
4903
4903
4903
5254
5032
5032
5168
4823
4823
4823
4823
4823
4823
4823
4823
5128
5128
5128
5171
5171
5171
4683
4683
4683
3499
3499
3499
3499
3499
3499
3499
3499
3499
3499
3499
3499
3499
3499
3499
3499
3499
3499
3499
5162
5162
5059
4188
4188
4188
4188
5075
5067
5067
5067
5067
5067
5067
5067
4411
4574
4574
4574
4590
4590
4632
4632
4707
4707
4707
4707
4707
4707
4707
4707
4707
4707
4707
4917
4917
4917
4917
4917
4917
4917
4917
4917
4917
4917
4917
4917
4917
4917
4917
4917
4917
4917
4917
4917
4917
4917
4917
4917
4917
4917
4917
4917
4917
4917
4917
5013
5013
5013
4801
4831
4831
4533
4837
4806
4806
4784
4784
4784
4784
4784
4784
4784
4784
4784
4784
4784
4784
4784
4784
4784
4784
4784
4784
4784
4784
4784
4784
4784
4784
4784
4784
4784
4784
4784
4784
4784
4784
4784
4783
4783
4783
4783
4783
4783
4783
4783
4783
4783
4783
4783
4783
4783
4783
4783
4783
4783
4783
4686
4780
3847
3847
4766
4753
4770
4504
4504
4504
4504
4504
4504
4504
4504
4504
4504
4504
4625
4625
4625
4625
4672
4672
4674
4688
4688
4688
4688
4688
4688
4703
4706
4735
4735
4735
4709
4709
4701
4685
4677
4677
4677
4677
4626
4582
4608
3725
4572
4572
4572
4572
4572
4572
4572
4572
4572
4572
4572
4572
4572
4572
4572
4572
4572
4572
4572
4572
4572
4572
4572
4572
4572
4572
4572
4572
4572
4572
4572
4572
4554
4554
4554
4554
4554
4554
4554
4554
4554
4554
4554
4554
4554
4554
4554
4554
4554
4554
4554
4537
4537
4537
4537
4537
4537
4537
4537
4537
4537
4537
4537
4537
4537
4537
4537
4537
4537
4537
4537
4509
4503
4503
4503
4503
4503
4503
4503
4503
4503
4503
4503
4503
4493
4493
4493
4493
4493
4488
4488
4488
4488
4488
4488
4488
4488
4476
4476
4476
4476
4476
4476
4476
4476
4463
4463
4463
4463
4463
4463
4463
4463
4463
4463
4455
4455
4455
4455
4455
4455
4455
4455
4455
4455
4455
4455
4455
4456
4456
4449
4448
4448
4448
4446
4446
4446
4446
4446
4446
4319
4319
4432
4432
4434
4433
4433
4428
4333
4333
4409
4409
4409
4300
4300
4300
4237
4335
4335
4335
4335
4335
4362
4362
4383
4383
4399
4406
4406
4406
4406
4406
4406
4406
4406
4356
4356
4316
4316
4330
4317
4317
4309
4309
4309
4309
4309
4272
4265
4189
4189
4189
4189
4189
4189
4242
4242
4202
4202
4202
4241
4222
4168
4168
4168
4168
4168
4168
4168
4168
4168
4168
4168
4168
4168
4168
3948
3948
3948
3948
4118
4118
4118
4119
4120
4087
4087
4087
4087
4069
4069
4069
4069
4069
4069
2371
2371
2371
2371
2371
2214
2214
2214
2214
2214
2214
2214
2214
2214
2214
2214
2214
2214
2214
2214
2214
2214
2214
3719
3719
3719
3915
3915
3915
3938
3938
3962
4010
4010
3967
3946
3946
3605
3926
3926
3926
3741
3741
3741
3831
3831
3818
3818
3532
3794
3794
3809
3809
3809
3809
3809
3809
3750
3750
3667
3666
3666
3666
3666
3555
3555
3649
3649
3649
3386
3632
3610
3608
3608
3608
3608
3608
3606
3600
3600
3600
3589
3534
3534
3534
3534
3545
3479
3479
3479
3512
3512
3512
3512
3504
3504
3504
3504
3504
3504
3504
3504
3504
3504
3504
3497
3473
3467
3465
3363
3363
3363
3363
3363
3363
3405
3405
3405
3405
3405
3405
3405
3435
3435
3435
3435
3435
3435
3435
3435
3428
3370
3374
3374
3374
3374
3414
3409
3409
3409
3409
3416
3395
3411
3411
3411
3411
3411
3411
3401
3357
3339
3339
3339
3339
3339
3341
3346
3123
3123
3123
3123
3123
3123
3123
2713
2713
2713
3335
3333
3314
3314
2294
2294
2294
2294
2294
2294
2294
2300
2300
2300
2704
2704
2704
2704
2704
2704
2704
2704
2704
2704
2704
2901
2901
3297
3297
2764
2764
2764
2804
2804
2804
2804
2804
2804
2804
2804
2804
2804
2804
2804
2804
2804
2804
2804
2804
2804
2804
2804
2804
2804
2804
2913
2913
3255
3246
3246
3246
3246
3246
3246
3246
3246
3246
3246
3246
3246
3246
3069
3069
3069
2565
2792
2792
3266
3266
3117
3117
3117
3119
3119
3126
3126
3235
3247
3247
3227
3227
3143
3143
3143
3130
3130
3130
3130
3130
3130
3130
3130
3130
3130
3130
3130
3130
3110
3109
3101
3101
3101
3101
3056
3056
3056
3056
3064
3059
3059
3030
3030
3050
3002
3002
3002
3002
2997
2466
2466
2252
2252
2252
2252
2252
2252
2736
2736
2736
2736
2769
2707
2707
2698
2527
2527
2527
2527
2617
2617
2617
2617
2617
2557
2555
2479
2479
2320
2320
2370
2323
2245
2288
2265
2265
2265
2236
2113
2179
2179
2179
2179
2179
2165
2165
2165
2029
2029
1963
1963
1963
1963
1931
1931
1943
1943
1919
1353
1353
1860
1860
1860
1860
1856
1856
1824
1824
1824
1824
1824
1824
1824
1824
1824
1840
1840
1840
1840
1483
1483
1783
1783
1783
1763
1763
1499
1499
1597
1597
1597
1638
1638
1652
1652
1633
323
323
1433
1433
1433
1463
1339
1339
1339
1339
1429
1411
1411
1411
1411
1354
1354
1354
1405
1363
1363
1363
1363
1363
1274
1274
1274
1324
1324
1324
1291
1291
1336
1336
1331
1301
1301
1301
1316
1316
1251
1251
1267
1267
1267
1267
1267
1267
1306
1120
1120
1300
968
1084
1084
1084
1084
1084
1084
1084
1084
1084
1084
1084
1084
1289
1289
1289
1289
1264
1264
1264
1264
1264
813
813
813
813
813
813
813
813
813
813
813
813
1209
1209
1209
1204
1204
1204
1191
1191
1189
1189
1187
1187
1183
1121
1121
1121
1121
1064
1077
1077
1077
1077
1077
1061
1055
1055
1055
1055
1055
1055
1060
1027
1027
1027
1027
1050
987
1034
1023
1023
1021
1021
1021
1002
1002
1002
1003
1003
995
995
955
955
941
941
941
941
941
941
941
941
941
941
940
940
928
928
928
880
880
880
880
880
880
598
863
863
863
863
863
825
825
825
825
814
814
814
814
814
814
814
814
814
814
814
814
814
814
814
814
899
899
899
649
649
649
869
869
853
853
853
853
853
850
850
841
837
819
819
819
819
819
819
819
819
819
819
819
819
812
812
812
743
743
743
587
587
587
587
780
780
780
780
749
749
751
751
751
751
679
679
679
679
679
679
679
679
679
679
679
679
679
679
745
745
745
736
736
736
736
672
594
574
574
542
542
542
542
569
569
569
569
569
535
535
535
535
535
535
461
498
498
324
324
324
324
324
455
455
365
336
328
328
334
302
241
241
241
241
241
241
241
241
241
241
241
241
241
241
285
285
255
255
267
267
224
224
224
224
226
206
206
206
191
127
127
127
127
115
115
115
115
114
114
132
113
113
113
60750138
60750138
60750138
52871199
52871199
53028329
53028329
53028329
48055575
48055575
99
99
99
59489826
59489826
59489826
58989906
58989906
58989906
58989906
58989906
58989906
58837492
58837492
58837492
58837492
58837492
58837492
58921238
58921238
58921238
58837492
58837492
56232870
56328644
56328644
56328644
56328644
56328644
56328644
56328644
56328644
56328644
56328644
56328644
56328644
56328644
56328644
56328644
55277582
55277582
58332710
58332710
49703716
49703716
49703716
49703716
49703716
49703716
49703716
49703716
49703716
49703716
49703716
49703716
49703716
49703716
57949108
57949108
57949108
57949108
62
62
58
55
55
55
54
54
54
40
56812760
56780004
56780004
56780004
56780004
56780004
56232870
56232870
56232870
55752948
55752948
55752948
55752948
55752928
55752928
55739594
55739594
55494446
55494446
55494446
55580628
55580628
55580628
55580628
53029715
53029715
53029715
53029715
53029715
53029715
53029715
53029715
53029715
53029715
53029715
53029715
53029715
53029715
53029715
53029715
53028397
53028397
53028397
53028397
53028397
53028397
53028397
53028397
53028397
53028397
53028397
53028397
53028397
53028397
53028397
53028397
53028397
55621278
55621278
55621278
55621278
55621278
53029715
53029715
53029715
53029715
53029715
53029715
53029715
53029715
53029715
53029715
53029715
53028397
53028397
55532358
55528242
55528242
55493342
55261888
55489346
55489346
55388726
55358344
55358344
54925992
55357516
55357516
55357516
55203236
55203236
55203236
55203236
55203236
55203236
55203236
55203236
55203236
55202588
55202588
55202588
55202588
55202588
55202588
55202588
55202844
55202844
55202588
55202588
55202588
55202588
55202588
55202588
55202588
55202588
54926366
54926366
23
53028455
53028455
53028455
53028455
54674870
54674870
54112999
54112999
54112999
54112999
54112999
54112999
54112999
54112999
54827292
54827292
54827292
54597932
54597932
54597932
54597932
54597932
54597932
54597932
54676948
54676948
54676948
54676948
54676948
54676948
54676948
54676948
54676948
54676948
54676948
54676948
54676948
54676948
54676948
54676948
54676948
54676948
54676948
54676948
54676948
54676948
54676948
54676948
54676948
54676948
54676948
54676948
54676948
54676948
54676948
54676948
54676948
54676948
54676948
54676948
54676948
54676948
54676948
54676948
54676948
54676948
54676948
54676948
54676948
54676948
54676948
54676948
54676948
54676948
54676948
54676948
54676948
54676948
54676948
54676948
54676948
54676948
54676948
54676948
54676948
54676948
54676948
54676948
54676948
54676948
54676948
54676948
54676948
54676948
54676948
54676948
54676948
54676948
54676948
54676948
54676948
54676948
54676948
54676948
54676948
54676948
54676948
54676948
54676948
54676948
54676948
54676948
54676948
54670052
54670052
54670052
54670052
54589094
54589094
54589094
9
9
9
9
9
9
9
9
9
9
9
9
54462910
54462302
54462302
54462302
54185750
54185750
54185750
54185750
54393078
54393078
54393078
54393078
54393078
54393078
54393078
54393078
54393078
54393078
54393078
54393078
54393078
54393078
54393078
54393078
54393078
54393078
54393078
54393078
54393078
54393078
54393078
54393078
54393078
54393078
54393078
54393078
54393078
54393078
54393078
54393078
54393078
54393078
54393078
54393078
54393078
54393078
54393078
54393078
54393078
54393078
54393078
54393078
54393078
54393078
54393078
54393078
54393078
54393078
54393078
54393078
54393078
54393078
54393078
54393078
54393078
54185750
54185750
54185750
54345578
53129653
53129653
53129653
53129653
53129653
53129653
53129653
53129653
53129653
53129653
53129653
53129653
53129653
53129653
53129653
53129653
53129653
53129653
53129653
53129653
53129653
53129653
53129653
53129653
53129653
54228642
54228642
54228642
54228642
54228642
53129653
54092261
54092261
54092261
54092261
54092261
54092261
53129653
53129653
53129653
53129653
53129653
53129653
53129653
53129653
53129653
53129653
53129653
53129653
53129653
53129653
53129653
53129653
53129653
53129653
53129653
53129653
53129653
53129653
53129653
54095231
54095231
54095231
54095231
54095231
54095231
54095231
54095231
54095231
54095231
54095231
54095231
54095231
54095231
54095231
54095231
54095231
54095231
54095231
54095231
54095231
54095231
54095231
54095231
54095231
54095231
54095231
54095231
54095231
54095231
54095231
54095231
54095231
54095231
54095231
54095231
54095231
54095231
54095231
54095231
54095231
54095231
54095231
54095231
54095231
54095231
54095231
54095231
54095231
54095231
54095231
54095231
54095231
54095231
54095231
54095231
54095231
54095231
54095231
54095231
54095231
54095231
54095231
54095231
54095231
54095231
54095231
54095231
54095231
54095231
54095231
54095231
54095231
54095231
54095231
54095231
54095231
54095231
54095231
54095231
54095231
54095231
54095231
54095231
54095231
54095231
54095231
54095231
54095231
54095231
54095231
54095231
54095231
54095231
54095231
54095231
54095231
54095231
54095231
54095231
54095231
54095231
54095231
54095231
54095231
54095231
54095231
54095231
54095231
54095231
54095231
54095231
54095231
54095231
54095231
54095231
54095231
54095231
54095231
54095231
54095231
54095231
54095231
54095231
54095231
54095231
54095231
54095231
54095231
54095231
54095231
54095231
54095231
54095231
54095231
54095231
54095231
54095231
54095231
54095231
54095231
54095231
54095231
54095231
54095231
54095231
54095231
54095231
54095231
54095231
54095231
54095231
54095231
54095231
54095231
54095231
54095231
54095231
54095231
54095231
54095231
54095231
54095231
54095231
54095231
54095231
54095231
54095231
54095231
54095231
54095231
54095231
54095231
54095231
54095231
54095231
54095231
54095231
54095231
54095231
54095231
54095231
54095231
54095231
54095231
54095231
54095231
54095231
54095231
54095231
54095231
54095231
54095231
54095231
54095231
54095231
54095231
54095231
54095231
54095231
54095231
54095231
54095231
54095231
54095231
54095231
54095231
54095231
54095231
54095231
54095231
54095231
54095231
54095231
54095231
54095231
54095231
54095231
54095231
54095231
54095231
54095231
54095231
54095231
54095231
54095231
54095231
54095231
54095231
54095231
54095231
54095231
54095231
54095231
54095231
54095231
54095231
54095231
54095231
54095231
54095231
54095231
54095231
54095231
54095231
54095231
54095231
54095231
54095231
54095231
54095231
54095231
54095231
54095231
54095231
54095231
54095231
54095231
54095231
54095231
54095231
54095231
54095231
54095231
54095231
54095231
54095231
54095231
54095231
54095231
54095231
54095231
54095231
54095231
54095231
54095231
54095231
54095231
54095231
54095231
54095231
54095231
54095231
54095231
54095231
54095231
54095231
54095231
54095231
54095231
54095231
54095231
54095231
54095231
54095231
54095231
54095231
54095231
54095231
54095231
54095231
54095231
54095231
54095231
54095231
54095231
54095231
54095231
54095231
54095231
54095231
54095231
54095231
54095231
54095231
54095231
54095231
54095231
54095231
54095231
54095231
54095231
54095231
54095231
54095231
54095231
54095231
54095231
54095231
54095231
54095231
54095231
54095231
54095231
54095231
54095231
54095231
54095231
54095231
54095231
54095231
54095231
54095231
54095231
54095231
54095231
54095231
54095231
54095231
54095231
54095231
54095231
54095231
54095231
54095231
54095231
54095231
54095231
54095231
54095231
54095231
54095231
54095231
54095231
54095231
54095231
54095231
54095231
54095231
54095231
54095231
54095231
54095231
54095231
54095231
54095231
54095231
54095231
54095231
54095231
54095231
54095231
54095231
54095231
54095231
54095231
54095231
54095231
54095231
54095231
54095231
54095231
54095231
54095231
54095231
54095231
54095231
54095231
54095231
54095231
54095231
54095231
54095231
54095231
54095231
54095231
54095231
54095231
54095231
54095231
54095231
54095231
54095231
54095231
54095231
54095231
54095231
54095231
54095231
54095231
54095231
54095231
54095231
54095231
54095231
54095231
54095231
54095231
54095231
54095231
54095231
54095231
54095231
54095231
54095231
54095231
54095231
54095231
54095231
54095231
54095231
54095231
54095231
54095231
54095231
54095231
54095231
54095231
54095231
54095231
54095231
54095231
54095231
54095231
54095231
54095231
54095231
54095231
54095231
54095231
54095231
54095231
54095231
54095231
54095231
54095231
54095231
54095231
54095231
54095231
54095231
54095231
54095231
54095231
54095231
54095231
54095231
54095231
54095231
54095231
54095231
54095231
54095231
54095231
54095231
54095231
54095231
54095231
54095231
54095231
54095231
54095231
54095231
54095231
54095231
54095231
54095231
54095231
54095231
54095231
54095231
54095231
54095231
54095231
54095231
54095231
54095231
54095231
54095231
54095231
54095231
54095231
54095231
54095231
54095231
54095231
54095231
54095231
54095231
54095231
54095231
54095231
54095231
54095231
54095231
54095231
54095231
54095231
54095231
54095231
54095231
54095231
54095231
54095231
54095231
54095231
54095231
54095231
54095231
54095231
54095231
54095231
54095231
54095231
54095231
54095231
54095231
54095231
54095231
54095231
54095231
54095231
54095231
54095231
54095231
54095231
54095231
54095231
54095231
54095231
54095231
54095231
54095231
54095231
54095231
54095231
54095231
54095231
54095231
54095231
54095231
54095231
54095231
54095231
54095231
54095231
54095231
54095231
54095231
54095231
54095231
54095231
54095231
54095231
54095231
54095231
54095231
54095231
54095231
54095231
54095231
54095231
54095231
54095231
54095231
54095231
54095231
54095231
54095231
54095231
54095231
54095231
54095231
54095231
54095231
54095231
54095231
54095231
54095231
54095231
54095231
54095231
54095231
54095231
54095231
54095231
54095231
54095231
54095231
54095231
54095231
54095231
54095231
54095231
54095231
54095231
54095231
54095231
54095231
54095231
54095231
54095231
54095231
54095231
54095231
54095231
54095231
54095231
54095231
54095231
54095231
54095231
54095231
54095231
54095231
54095231
54095231
54095231
54095231
54095231
54095231
54095231
54095231
54095231
54095231
54095231
54095231
54095231
54095231
54095231
54095231
54095231
54095231
54095231
54095231
54095231
54095231
54095231
54095231
54095231
54095231
54095231
54095231
54095231
54095231
54095231
54095231
54095231
54095231
54095231
54095231
54095231
54095231
54095231
54095231
54095231
54095231
54095231
54095231
54095231
54095231
54095231
54095231
54095231
54095231
54095231
54095231
54095231
54095231
54095231
54095231
54095231
54095231
54095231
54095231
54095231
54095231
54095231
54095231
54095231
54095231
54095231
54095231
54095231
54095231
54095231
54095231
54095231
54095231
54095231
54095231
54095231
54095231
54095231
54095231
54095231
54095231
54095231
54095231
54095231
54095231
54095231
54095231
54095231
54095231
54095231
54095231
54095231
54095231
54095231
54095231
54095231
54095231
54095231
54095231
54095231
54095231
54095231
54095231
54095231
54095231
54095231
54095231
54095231
54095231
54095231
54095231
54095231
54095231
54095231
54095231
54095231
54095231
54095231
54095231
54095231
54095231
54095231
54095231
54095231
54095231
53027833
53947797
53947797
53947797
53945989
53955419
53955419
53955419
53955419
53947797
50806851
53785419
53785419
53777677
53777677
53667353
53667353
53667353
53667353
53667353
53667353
53667353
53667353
53667353
53667353
53667353
51754753
51754753
51754753
51754753
51754753
51754753
51754753
53538787
53538787
53538787
53538787
53538787
53538787
53538787
53538787
53538787
53538787
53030591
53030591
53030591
53030591
53030591
53030591
53030591
53530489
53530489
53530489
53530489
53538787
53538787
53538787
53538787
53538787
53538787
53592789
53592789
53592789
53592789
53538357
53538357
53538357
53538357
53538357
53538357
53538357
53482411
51368907
51368907
53376257
53376257
53376257
53376257
53376257
53376257
53376257
52830829
52830829
52830829
52830829
52830829
52830829
52830829
52830829
52830829
52830829
52830829
52830829
52830829
52830829
52830829
52830829
52830829
52830829
52830829
53374039
53374039
53374039
53374039
53374039
53374039
53374039
52121649
52121649
52121649
53249833
53249833
53249833
53249833
53249833
53249833
53249833
53249833
53249833
53249833
53249833
53249833
53249833
53249833
51754753
51754753
51754753
51754753
53278727
53278727
53278727
53030523
53030523
53030523
53030523
53030523
52939983
52939983
52939983
51968679
51968679
51968679
51968679
51968679
51968657
51968657
51968657
51968657
51968657
51968657
51968657
51968657
51968657
51968657
51968657
51968679
51968679
51968679
51968679
51968679
53030439
53029445
53029445
52629385
53066255
53066255
53066255
53066255
53066255
53066255
53066255
53066255
53066255
53066255
53066255
53066255
53066255
53066255
53066255
53066255
53066255
53066255
53066255
53066255
53066255
53066255
52901751
52091115
6
52091115
52091115
52091115
52091115
52091115
52091115
52091115
52091115
52091115
52091115
5
5
4
4
4
4
4
4
4
4
4
48386505
48386505
48386505
48386505
51141441
51141441
51141441
51141441
51141441
51214943
51214943
50721675
50968415
50968415
50968415
50968415
50968415
50968415
50968415
50968415
50968415
50968415
50968415
50968415
50968415
48386505
48386505
48386505
48386505
48386505
48386505
50806851
50806851
50879457
50879457
50879457
50879457
50879457
50880927
50880927
50804109
50804109
50804109
50812235
50812235
50812235
50812235
50804109
50721675
50721675
50721675
50721675
50721675
50721675
50721675
50721675
50721675
50721675
50721675
50721675
50721675
48645559
48645559
48645559
48645559
48645559
50427095
50427095
50427095
50427095
50427095
50427095
50427095
50427095
50427095
50427095
50427095
50427095
50427095
50427095
50427095
50427095
50427095
50427095
50427095
50427095
50427095
50427095
50427095
50427095
50427095
50427095
50427095
50427095
50427095
50427095
50427095
1
1
1
1
50523561
50523561
50511883
50511883
50511883
50181269
50181269
50181269
50181269
50181269
50181269
50181269
50181269
50181269
49496887
49496887
49496887
49496887
49496887
49496887
49496887
49496887
49496887
49496887
48127729
48127729
48127729
48127729
48127729
48127729
48127729
48127729
48127729
48127729
48127729
48127729
48127729
48127729
48127729
48127729
48127729
48127729
48127729
48127729
48127729
48127729
48127729
48127729
50267017
50256421
50256421
50256421
50256421
50345533
50345533
50345533
50345533
50345533
50345533
50345533
50345533
50345533
50345533
50345533
50351963
50351963
50351963
50351963
49832753
49832753
49832753
50267831
50267831
48127729
48127729
48127729
48127729
48127729
48127729
48127729
48127729
48127729
48127729
48127729
48127729
48127729
48127729
48127729
48127729
48789783
49906951
50064347
50064347
50064347
50064347
50064347
48387903
48387903
48387903
49989913
49989913
49989913
49989913
49989913
49989913
49989913
49989913
49989913
49989913
49989913
49989913
49989913
49393511
49393511
49393511
49393511
49393511
49393511
49393511
49393511
49393511
49393511
49393511
49393511
49393511
49393511
49393511
48127729
48127729
48127729
48127729
48127729
48127729
48127729
48127729
48127729
48127729
49989537
49989537
49989537
49989537
49989537
49496887
49496887
49496887
49496887
49496887
49496887
49496887
49496887
49496887
49496887
49496887
49496887
49496887
49496887
49496887
49496887
49496887
49496887
49496887
49496887
49496887
49496887
49496887
49496887
49496887
49832165
49832165
49832165
49832165
49832165
49832165
49832165
49832165
49832165
49832165
49832165
49832165
49832165
49832165
49832165
49832165
49832165
49832165
49832165
49832165
49832165
49832165
49832165
49832165
49832165
49832165
49832165
48389533
48389533
48389533
48389533
48389533
49671463
49671463
49671463
49671463
49671463
49671463
49671463
49671463
49671463
49671463
49671463
49671463
49671463
49671463
49671463
49578819
49578819
49578819
49578819
49578819
49578819
49578819
49578819
49578819
49578819
49578819
49578819
49395783
49395783
49395783
49395783
49395783
49395783
49395783
49395783
49395783
49395783
49395783
49395783
49047535
49047535
49047535
49047535
49047535
49047535
49047535
49047535
49047535
49047535
49047535
49047535
49047535
49047535
49047535
49047535
49047535
49047535
49047535
49047535
49047535
49047535
49047535
49047535
49047535
49047535
49047535
49047535
49047535
49047535
49047535
49047535
49047535
49047535
49047535
49047535
49047535
49047535
49047535
49047535
49047535
49047535
49047535
49047535
49047535
49047535
49047535
49047535
49047535
49047535
49047535
49047535
49047535
49047535
49047535
49047535
49047535
49047535
49047535
49047535
49047535
49047535
49047535
49047535
49047535
49047535
49047535
49047535
49047535
49047535
49047535
49047535
49047535
49047535
49047535
49047535
49047535
49047535
49047535
49047535
49047535
49047535
49047535
49047535
49047535
49047535
49047535
49047535
49047535
49047535
49047535
49047535
49047535
49047535
49047535
49047535
49047535
49047535
49047535
49047535
49047535
49047535
49047535
49047535
49047535
49047535
49047535
49047535
49047535
49047535
49047535
49047535
49047535
49047535
49393511
49130073
49130073
49130073
49130073
49130073
49130073
49130073
49142305
49142305
49142305
49067859
49067859
49067859
49067859
49067859
49121565
49121565
49121565
49121565
49121565
49121565
49121565
49121565
49121565
49121565
48155753
48155753
48155753
48155753
48155753
48155753
48155753
48155753
48155753
48155753
48155753
48155753
48155753
48155753
48155753
48155753
48155753
48155753
48155753
48155753
48155753
48155753
48155753
48155753
48155753
49056831
49056831
49047467
49047467
48127729
48127729
48127729
48127729
48127729
48127729
48127729
48127729
48127729
48127729
48245695
48245695
48475971
48475971
48475971
48475971
48475971
48475971
48475971
48475971
48475971
48475971
48245695
48245695
48245695
49046013
49046013
49046013
49046013
49046013
49046013
49046013
49046013
49046013
49046013
49046013
49046013
49046013
49046013
49046013
49046013
49046013
49046013
48976001
48976001
48976001
48976001
48976001
48976001
48976001
48976001
48976001
48976001
48976001
48976001
48976001
48976001
48976001
48976001
48976001
48059059
48059059
48059059
48059059
48059059
48059059
48059037
48059037
48059037
48127661
48127661
48127661
48127661
48127661
48127661
48127661
48888639
48888639
48888639
48888639
48888639
48718891
48718891
48718891
48127729
48284369
48284369
48658503
48658503
48716881
48716881
48716881
48151147
48151147
48151147
48151147
48151147
48151147
48151147
48151147
48151147
48718891
48718891
48718891
48718891
48716881
48716881
48716881
48716955
48716955
48716955
48658503
48658503
48658503
48658503
48658503
48658503
48658503
48658503
48658503
48644271
48644271
48644271
48644271
48055339
48055339
